"Date" "pv" "ghidfm" "Mean" "cfcdfm" "Year" "Kt" "taxdfm" "km" "PC1" "PC2" "PC3" "PC4" "Month"
"2011-02-22" 4.73293403776743 235.525547445255 0.0685335 11.3682310469314 2011 0.713085052327285 19.8892058115157 5 1.2139747462046 0.842145403475615 1.26691599891466 1.109936258394 "02"
"2011-02-23" 4.59154809855103 229.197080291971 0.082262 22.4837545126354 2011 0.689297779583316 19.9755550717551 5 0.695141355700555 0.971659646784681 1.11061807065638 0.710826057997211 "02"
"2011-02-24" 4.48654339069938 232.846715328467 0.0966455 22.5054151624549 2011 0.695629202756334 20.5768250662183 5 0.724962723492895 1.05215629197567 1.01774923953041 0.748320411090164 "02"
"2011-02-25" 4.78045718470471 234.397810218978 0.0279805 24.6534296028881 2011 0.695645009422939 20.3320630240062 5 0.756911582143424 0.704717072693618 1.44186573820783 0.512777825250772 "02"
"2011-02-26" 4.83187738661924 241.518248175182 0.0627925 11.2238267148014 2011 0.712078940761146 20.2912693477812 5 1.29748956269924 0.808372309397215 1.31121201843605 1.02811521431678 "02"
"2011-02-27" 4.72951430663807 238.762773722628 0.049331 15.5740072202166 2011 0.699370893587562 20.1758727573213 5 1.02811325031894 0.771488267608104 1.35271766035901 0.874914481386357 "02"
"2011-02-28" 4.9145655699116 249.916058394161 0.0328395 12.0685920577617 2011 0.727306589345741 19.3949202128819 5 1.44407511856839 0.663580667134076 1.49871873608787 0.935392827000297 "02"
"2011-03-01" 4.9339789192865 236.547445255474 0.048506 27.0072202166065 2011 0.683981993316979 18.9082534275358 5 0.739169356935594 0.804399443078413 1.32318832532464 0.31850694143674 "03"
"2011-03-20" 5.18067034576555 275.850364963504 0.0527005 34.2960288808664 2011 0.713734829577201 21.0417454583304 5 1.16526886676624 0.858023573526963 1.3072112611866 -0.260002971493323 "03"
"2011-03-24" 5.228271956897 292.29197080292 0.113048 22.7870036101083 2011 0.741109393394278 19.2184123084659 5 1.82200292485552 1.09967695142639 1.02384962995556 0.155725738660456 "03"
"2011-03-25" 5.24285975833028 285.981751824818 0.1008675 25.6823104693141 2011 0.721579626209676 19.5836503467863 5 1.57713740444946 1.05063963794267 1.07426095521447 0.0202665171296511 "03"
"2011-03-28" 5.22379295914631 289.372262773723 0.059909 22.3068592057762 2011 0.719843691070654 19.6709519189502 5 1.61986446133803 0.838884963044806 1.32429380245753 0.114072970782114 "03"
"2011-03-29" 5.44234189464874 291.547445255474 0.072364 17.8736462093863 2011 0.721939004036646 20.037301093813 5 1.87583512441758 0.860833458924817 1.29673989592308 0.197713789910688 "03"
"2011-03-30" 5.23753073180938 275.744525547445 0.0624355 33.3465703971119 2011 0.679736536350398 21.4406345458258 5 1.01056358971835 0.897406279632338 1.24336176060449 -0.341649663652588 "03"
"2011-03-31" 4.96930742271277 288.558394160584 0.0793515 42.5740072202166 2011 0.70817790592205 21.2825391708858 5 0.94855981872412 1.05181532304062 1.08786613828394 -0.601219763513055 "03"
"2011-04-01" 5.3394622587226 296.547445255474 0.0587365 21.7509025270758 2011 0.724619941895785 22.6246026357015 5 1.77146723132668 0.824305192762541 1.34856819226757 0.0521511083264738 "04"
"2011-04-07" 5.37603311188994 306.850364963504 0.0638065 40.187725631769 2011 0.731588817779492 22.1730154431055 5 1.47101110505161 0.939073996369496 1.24570810646912 -0.73592337946389 "04"
"2011-04-09" 5.75422398911963 310.284671532847 0.038358 8.20216606498195 2011 0.73417418655722 22.705078851609 5 2.44020594156523 0.632249997958127 1.57723022717543 0.341184291572702 "04"
"2011-04-10" 5.66835800596328 297.266423357664 0.045853 19.6064981949458 2011 0.700779643410293 21.5447613852365 5 1.82539403824401 0.725093120225265 1.45788040169485 -0.0727395639560424 "04"
"2011-04-11" 5.50055578804206 281.551094890511 0.0586215 39.1227436823105 2011 0.661334582814924 20.9604757399786 5 0.922928778832311 0.88811398372368 1.26026637572853 -0.768387820756112 "04"
"2011-04-13" 5.4129635926139 304.503649635036 0.1025965 35.2454873646209 2011 0.710243590317185 21.5517455509731 5 1.4965220248226 1.10055128875935 1.03441757490717 -0.588520024218477 "04"
"2011-04-14" 5.32964769576816 316.372262773723 0.162435 26.6389891696751 2011 0.735419729597169 23.0690469893198 5 1.97135651146905 1.36236182349878 0.725759215775071 -0.208758475400926 "04"
"2011-04-16" 4.65843228540043 290.532846715328 0.083085 26.8736462093863 2011 0.670916630777528 21.1571422909933 5 0.956489645099443 1.02374890227921 1.07950199543836 0.00952030158825837 "04"
"2011-04-18" 5.19679473766804 280.503649635036 0.122391 31.6534296028881 2011 0.643679954380195 23.0063486856128 5 0.90117135576532 1.18816974247797 0.877480480767398 -0.378959713901367 "04"
"2011-05-10" 5.63161060835905 310.762773722628 0.1107345 34.7148014440433 2011 0.676791523153242 23.2339677053785 5 1.45948782382258 1.12382068133014 0.996181889413541 -0.794925618053528 "05"
"2011-05-15" 5.50633598367945 329.222627737226 0.1055575 22.1841155234657 2011 0.711341220566333 22.3130155139499 5 2.04744801352691 1.05745302548244 1.08306268820702 -0.290555538356952 "05"
"2011-06-01" 5.56268635246116 324.817518248175 0.044316 32.2743682310469 2011 0.68950609634757 23.6076184984237 5 1.5980449999083 0.801936644438405 1.39148018881385 -0.763142014658236 "06"
"2011-06-02" 5.5542383742219 322.602189781022 0.042968 35.3718411552347 2011 0.684366739804296 23.8977771637932 5 1.46931831488534 0.80997266147135 1.38241028322899 -0.880597818329555 "06"
"2011-06-03" 4.7089959198619 334.383211678832 0.0760655 30.3718411552347 2011 0.708936068183997 23.4130153656006 5 1.45134826550103 1.02330559677424 1.12700159139753 -0.357604000042053 "06"
"2011-06-09" 5.60426583668986 313.850364963504 0.074679 37.1552346570397 2011 0.663593287380005 22.5071423999847 5 1.28882945521561 0.964732763984669 1.18544691187472 -0.955409639063132 "06"
"2011-06-12" 5.72480645498771 322.711678832117 0.0477625 26.4657039711191 2011 0.681763696606189 24.4126978071909 5 1.75643735513282 0.77647774966901 1.41123887931058 -0.605170476541312 "06"
"2011-06-13" 5.66676910603128 345.70802919708 0.186996 9.50180505415162 2011 0.730200363238818 24.905555028764 5 2.75633474762625 1.38687470195745 0.690269828608847 0.109650651028586 "06"
"2011-06-14" 5.74865957001622 346.605839416058 0.137959 8.35018050541516 2011 0.731978610249675 25.8147614494203 5 2.79057661697473 1.13652383681956 0.991227123833827 0.102945094868821 "06"
"2011-06-15" 5.67747946853586 347.459854014599 0.1462665 15.0108303249097 2011 0.733691590930464 27.172539060078 5 2.62134303738836 1.21511873264852 0.906559632623509 -0.127935175690732 "06"
"2011-06-16" 5.84121462572579 353.715328467153 0.059474 11.1480144404332 2011 0.746836538707535 27.04555502392 5 2.83239085366385 0.763707052693737 1.4541210465252 -0.0801552362652673 "06"
"2011-06-17" 5.73165899461213 337.368613138686 0.071965 20.5523465703971 2011 0.7122876634798 24.3530152638753 5 2.22760113426962 0.871583632406134 1.31134694695232 -0.383815989519292 "06"
"2011-06-18" 5.42711330229638 302.124087591241 0.1094535 32.4115523465704 2011 0.63786886788648 24.2693646143353 5 1.10399436081281 1.12100190057659 0.970882961442397 -0.67856837040837 "06"
"2011-06-24" 5.74200972956008 356.57299270073 0.10632 3.71480144404332 2011 0.753364064231189 27.9911104838053 5 3.07374396150502 0.965426857639935 1.20532509681119 0.265419166526947 "06"
"2011-06-25" 5.74809724329131 356.485401459854 0.050831 7.87725631768953 2011 0.7533662277083 27.7926977248419 5 2.9178587169286 0.715080472883118 1.51130643851086 0.0797553542368644 "06"
"2011-06-26" 5.54403802897944 351.047445255474 0.1787805 5.66425992779783 2011 0.74208595397233 27.2277772388761 5 2.89402546425527 1.34122266883998 0.746635398006504 0.30050699590328 "06"
"2011-06-30" 5.29567269969137 310.507299270073 0.19107 30.1335740072202 2011 0.657381102774559 26.263491494315 5 1.36459834472468 1.52139990482424 0.49964290967055 -0.510683869814108 "06"
"2011-07-04" 5.22352487314955 302.313868613139 0.0568115 30.956678700361 2011 0.641387285395239 23.5130152929397 5 1.0075785498921 0.87531601217394 1.26269084518562 -0.553648742396464 "07"
"2011-07-05" 5.19875634252236 319.682481751825 0.1145345 27.5703971119134 2011 0.678658741947372 24.5871423388284 5 1.50013556843916 1.14920988486805 0.956135260227112 -0.405863443009331 "07"
"2011-07-06" 5.02662551655594 299.025547445255 0.1929665 28.4620938628159 2011 0.63522541069399 25.2861899724082 5 1.05072166395686 1.54028862628506 0.454720245086591 -0.322043361094232 "07"
"2011-07-08" 5.39341946958205 315.083941605839 0.109503 25.6462093862816 2011 0.670301286353667 25.0023804013691 5 1.55006288398151 1.0971002320993 1.01199379106379 -0.399252496098125 "07"
"2011-07-09" 5.60882983731757 311.948905109489 0.065066 24.927797833935 2011 0.664147795301251 25.0623803517175 5 1.56451217361151 0.858154754350345 1.29564399569545 -0.467029557655393 "07"
"2011-07-10" 5.66187817126118 322.087591240876 0.026094 22.2635379061372 2011 0.686293421441644 24.5242850591266 5 1.82793721424622 0.655862981951683 1.55106902417002 -0.40660218927593 "07"
"2011-07-11" 5.58794528430193 317.339416058394 0.044681 25.101083032491 2011 0.676755282166766 24.7833327036055 5 1.64789690233197 0.763936970158058 1.41742979774878 -0.475426364795017 "07"
"2011-07-13" 5.04520191452634 297.518248175182 0.185911 23.2310469314079 2011 0.635648559966316 25.0058722723098 5 1.16981927046519 1.47861836362331 0.521061047496625 -0.115045071351608 "07"
"2011-07-15" 5.59317623058011 329.908759124088 0.14359 18.4765342960289 2011 0.706258689741591 25.5226978725857 5 2.19194251482946 1.21782379613532 0.88470251510288 -0.184900995732901 "07"
"2011-07-17" 5.18090573834807 308.934306569343 0.1598135 21.7148014440433 2011 0.662787939539222 25.2474596538241 5 1.50058682075887 1.33786706047202 0.70834526332601 -0.12117501562769 "07"
"2011-07-25" 5.24540330595805 317.642335766423 0.06062 34.2057761732852 2011 0.688574241270862 24.4117455255418 5 1.35467743186163 0.913474811128355 1.25212303846666 -0.659574752206433 "07"
"2011-07-26" 5.51352853481195 322.824817518248 0.0636985 29.0902527075812 2011 0.700858003134341 25.5460310739184 5 1.72794473125925 0.883537537882405 1.29287115292944 -0.563756630807366 "07"
"2011-07-27" 5.4814366793953 319.693430656934 0.1037495 31.0324909747292 2011 0.695132817368072 25.627142224993 5 1.64838693874968 1.08879989181509 1.04463866581707 -0.606110443754137 "07"
"2011-08-01" 5.62927629858241 335 0.052389 11.3754512635379 2011 0.734590328582556 24.8285708048987 5 2.50107211181811 0.739011617270675 1.46555338330292 0.0911128522460918 "08"
"2011-08-02" 5.45139143171 311.48905109489 0.0482525 25.5667870036101 2011 0.684290365185103 24.1177771734813 5 1.57824265906619 0.791668249689539 1.38349510620767 -0.374012516099507 "08"
"2011-08-03" 5.47968431239211 319.324817518248 0.158799 18.0108303249097 2011 0.702828632267644 25.0592058575343 5 2.06421691141209 1.29372194941726 0.784308509878885 -0.0495405135600514 "08"
"2011-08-04" 5.53827744939059 322.64598540146 0.1825775 15.0036101083032 2011 0.711515414068231 25.4931739625477 5 2.26939664917089 1.39132826602676 0.669713272828685 0.0559368603146617 "08"
"2011-08-05" 5.30494455196945 287.295620437956 0.041711 28.9205776173285 2011 0.634820168872932 25.0076184651208 5 0.929086880218762 0.777780521573473 1.36667159306336 -0.420908537715374 "08"
"2011-08-06" 5.34964952659936 302.21897810219 0.0444625 26.8050541516245 2011 0.669159650378039 25.1612692636157 5 1.33108312802524 0.783569589865561 1.38153993307277 -0.361551071002974 "08"
"2011-08-10" 5.4828751896218 323.317518248175 0.2041675 19.7545126353791 2011 0.722127459020656 28.2341263786195 5 2.22263357053 1.52354065890725 0.522390350150111 -0.0734827660182061 "08"
"2011-08-11" 5.66320552387927 325.14598540146 0.197946 7.51624548736462 2011 0.727890876761448 27.3126978193011 5 2.64855842480833 1.42028849602383 0.635241093934106 0.336597721435872 "08"
"2011-08-12" 5.68356698226709 316.251824817518 0.094119 19.6389891696751 2011 0.709656719280021 26.1334914555625 5 2.07786620636584 0.968057708679245 1.18117472907332 -0.174150043894919 "08"
"2011-08-13" 5.57614296176178 303.594890510949 0.0985325 18.4765342960289 2011 0.682906940982974 25.8517453935411 5 1.7959982662348 0.987565589681885 1.13544397018189 -0.0722404846248476 "08"
"2011-08-19" 5.01400585865983 280.802919708029 0.0432645 29.4332129963899 2011 0.64166052542986 25.5422216445681 5 0.771393781341692 0.808645387705979 1.32643988354666 -0.259557649400878 "08"
"2011-08-20" 5.20082256630224 300.42700729927 0.045318 18.7256317689531 2011 0.688449350821926 26.0849200051928 5 1.56200389574341 0.75989264132822 1.40499776950268 0.0830697784424425 "08"
"2011-08-21" 5.5911884709944 315.642335766423 0.0340655 13.7978339350181 2011 0.725410588176393 25.9879359290713 5 2.20511842013561 0.655058583764074 1.5543456786546 0.118624101335426 "08"
"2011-08-22" 5.44038028979442 301.78102189781 0.061373 18.9314079422383 2011 0.695605019950077 25.6017454843672 5 1.74648863693864 0.819099152716552 1.34137340191263 -0.000430392513992656 "08"
"2011-08-23" 5.02782209551708 279.908759124088 0.04969 26.2310469314079 2011 0.647136884291507 25.4319042326912 5 0.889940661257957 0.822699249501789 1.30742498178499 -0.114376273606507 "08"
"2011-08-26" 4.95990479677774 294.613138686131 0.20215 27.4007220216606 2011 0.687576428717239 25.1052376277863 5 1.35163864427718 1.58093015787419 0.425890223890972 -0.0629877573313249 "08"
"2011-08-27" 5.21977166919496 294.48905109489 0.111911 24.158844765343 2011 0.689534422565615 24.3052375430153 5 1.47384887829853 1.1047845094287 0.99647797025468 -0.0646822855643246 "08"
"2011-08-28" 5.31734189464874 298.697080291971 0.0573385 19.6787003610108 2011 0.701719362036142 25.2077772049677 5 1.68000799985315 0.811572259110911 1.35110085865198 0.0573349504765061 "08"
"2011-08-29" 5.49155856044358 294.248175182482 0.039728 28.3826714801444 2011 0.693617242448293 25.1926978580535 5 1.45392830577677 0.750929507063388 1.43182317672041 -0.348936923794602 "08"
"2011-08-30" 5.46856201286813 300.032846715328 0.0367205 17.8880866425993 2011 0.709702994502897 25.1798407539489 5 1.83582201945308 0.690402419414643 1.50028733030105 0.0748152677639012 "08"
"2011-08-31" 4.89067976146885 279.86496350365 0.041568 27.9602888086643 2011 0.664333848498905 25.5720629919143 5 0.880959655370557 0.802298714881395 1.34061426603084 -0.0803794386283852 "08"
"2011-09-02" 4.81410524663912 276.908759124088 0.040039 22.7509025270758 2011 0.662094594906394 26.1263486468603 5 0.931236110173133 0.774976986627116 1.36257425196102 0.167486028208159 "09"
"2011-09-03" 5.11542736831093 275.529197080292 0.035283 27.2093862815884 2011 0.661251630743655 25.2587297227648 5 0.95137831347378 0.747079080349604 1.40481892560594 -0.118030691202412 "09"
"2011-09-05" 4.71669194957368 277.21897810219 0.0490005 29.2743682310469 2011 0.670409826437668 25.9260311429463 5 0.790860046367769 0.857740634351443 1.27519743399621 -0.0239641448222832 "09"
"2011-09-06" 5.29197180519956 286.007299270073 0.086311 19.884476534296 2011 0.694380102212322 26.2342851124113 5 1.55364661446624 0.949211792780114 1.17572952409783 0.141272564729288 "09"
"2011-09-10" 5.21695349688759 289.697080291971 0.0735305 9.55234657039711 2011 0.714937481313337 27.0917453160362 5 1.908789882327 0.845067293303589 1.29704084523974 0.603786636258031 "09"
"2011-09-11" 4.86144531045666 262.156934306569 0.040546 21.2166064981949 2011 0.64973282864172 26.7980945526607 5 0.805668541698518 0.758958028622029 1.36649492177867 0.280571368017571 "09"
"2011-09-12" 5.07994193649631 255.014598540146 0.0340625 26.4909747292419 2011 0.634771671567835 25.9284121498229 5 0.632337580175352 0.731154485486773 1.3989796943786 -0.00519292048777393 "09"
"2011-09-14" 5.05173405869122 267.700729927007 0.0440225 27.8303249097473 2011 0.672277771704813 25.8190469590444 5 0.926703756422827 0.79334405040994 1.35035875199708 -0.0241096677937115 "09"
"2011-09-17" 5.19922058900455 267.20802919708 0.048531 20.6317689530686 2011 0.680362262885417 25.8820629422627 5 1.22427937634939 0.767797282160738 1.37642174022365 0.229603053184714 "09"
"2011-09-20" 5.0532118010148 257.018248175182 0.078191 29.1841155234657 2011 0.663912474994195 25.9612691364591 5 0.799578400184425 0.960550894007924 1.14205507235922 -0.0112669103553183 "09"
"2011-09-27" 4.86561699011351 266.762773722628 0.163245 9.83032490974729 2011 0.714300590183489 24.6130152808295 5 1.65184301443834 1.30013941227763 0.734669177550456 0.929521021319456 "09"
"2011-09-28" 4.95747894544123 261.868613138686 0.086674 20.3971119133574 2011 0.704988126053236 26.329047006274 5 1.26787443036591 0.968609420415849 1.14095746868468 0.459533298931398 "09"
"2011-09-29" 5.02278077104148 265.142335766423 0.054781 9.74007220216606 2011 0.717707336068669 26.5225390479678 5 1.62701405942073 0.758305159824202 1.38697010047795 0.852738488245708 "09"
"2011-09-30" 4.95190144897212 258.014598540146 0.0535835 7.93862815884477 2011 0.702278855211629 25.2415866549053 5 1.4845948428193 0.746799853097206 1.38630105882666 0.956523229673614 "09"
"2011-10-01" 3.93757519485275 249.828467153285 0.140199 20.0324909747292 2011 0.683802895451062 24.1193644811237 5 0.610586667426446 1.30767055922242 0.704670404918777 0.915066336342542 "10"
"2011-10-07" 4.70422268138306 252.423357664234 0.210552 9.15162454873646 2011 0.715315077617866 25.6373009606013 5 1.53997358386258 1.53291492362525 0.445326301486725 1.14477027645993 "10"
"2011-10-08" 4.70539310561281 235.321167883212 0.075858 25.4259927797834 2011 0.670852057105651 24.3039674910288 5 0.601822640171879 0.948981019888765 1.13794277117009 0.449370470554037 "10"
"2011-10-09" 4.89129439765654 248.92700729927 0.0795215 9.42960288808664 2011 0.7139345331311 24.2477774241614 5 1.45330205352607 0.879869070389501 1.2286083075492 1.0328693779664 "10"
"2011-10-10" 4.69912250876183 246.624087591241 0.0759915 25.971119133574 2011 0.711646811893762 27.8841262999035 5 0.926383721763853 0.956902718633694 1.15437191860083 0.46918067741184 "10"
"2011-10-11" 4.41348014855887 247.872262773723 0.165452 11.0469314079422 2011 0.71964934401217 27.7684120904832 5 1.29861334934295 1.34474763548312 0.669527205993066 1.21250384851976 "10"
"2011-10-12" 4.82601872678768 247.105839416058 0.100247 7.01083032490975 2011 0.721872679467374 26.0796819111658 5 1.53799237016932 0.973251562748446 1.11521676080076 1.19766852373359 "10"
"2011-10-13" 4.77966600408014 239.671532846715 0.078537 11.5234657039711 2011 0.70452836318987 24.3319042750767 5 1.21994895785431 0.890091986004565 1.20843797157342 1.0337059569156 "10"
"2011-10-14" 4.73822383219124 236.266423357664 0.0897275 27.4512635379061 2011 0.698887850324432 25.3650787292965 5 0.76786217611331 1.0225920787413 1.06655865032068 0.43923726140514 "10"
"2012-03-03" 4.67221105187059 247.310218978102 0.064017 21.9530685920578 2012 0.702787741673926 16.9512693995521 5 0.958977330900218 0.433942429758501 0.85948100052627 0.588598349841298 "03"
"2012-03-04" 4.7206533526116 247.886861313869 0.0561805 25.3068592057762 2012 0.700042536301191 17.591745664203 5 0.88076529947336 0.408221771687738 0.894585879650934 0.423246706107837 "03"
"2012-03-05" 4.40658887583589 251.43795620438 0.0779945 25.3032490974729 2012 0.705691838892085 18.1568250958882 5 0.811444868131734 0.542322790039668 0.734413982684195 0.544372834573794 "03"
"2012-03-08" 4.45967942345924 249.86496350365 0.140051666666667 10.5054151624549 2012 0.688626382593225 20.3519042787098 5 1.13891732335693 0.76862121478705 0.434404322280768 1.08691620321013 "03"
"2012-03-09" 4.62520332550154 265.368613138686 0.103880666666667 22.5667870036101 2012 0.727019331661246 21.4280948336162 5 1.24839735283025 0.642954699536597 0.630224563841788 0.537890445088865 "03"
"2012-03-13" 4.31305914512922 263.021897810219 0.0831796666666667 20.3862815884477 2012 0.704113055449272 19.4963488200354 5 0.96411964385125 0.55800808066171 0.713145579015148 0.685405912111354 "03"
"2012-03-14" 4.68429197542021 274.35401459854 0.100192 14.812274368231 2012 0.730336604674245 19.2842852577331 5 1.54671724457424 0.587508734489902 0.693138735118203 0.760910675801841 "03"
"2012-03-20" 4.69571773902042 264.810218978102 0.178818666666667 28.2888086642599 2012 0.682579877268572 18.1328567777361 5 0.939067803801379 1.03019263754206 0.153491596006122 0.187097211195106 "03"
"2012-03-21" 4.90477024218326 290.032846715328 0.110446666666667 13.0830324909747 2012 0.743777360360619 19.0347614439707 5 1.9069517748921 0.618075923407615 0.671620490212498 0.672071933253651 "03"
"2012-03-24" 4.08612529369239 286.28102189781 0.117879 13.5018050541516 2012 0.72328717395275 21.2990470462375 5 1.34630558940364 0.724175667134367 0.523082443970554 0.942665564792645 "03"
"2012-03-25" 4.75517915235858 282.299270072993 0.0528793333333333 18.4657039711191 2012 0.709795139950897 20.4090471570454 5 1.37244811777982 0.374068264396752 0.94965603027243 0.453138519922676 "03"
"2012-04-23" 5.30473409542743 307.386861313869 0.02722 35.4404332129964 2012 0.693815080779171 20.7123804243784 5 1.28975448903471 0.297915146978039 1.07733043441799 -0.665116205866637 "04"
"2012-05-06" 4.51781922103741 322.463503649635 0.0528333333333333 27.3176895306859 2012 0.706485949138497 21.6401582748171 5 1.31656574702958 0.457252022399502 0.879274257793444 -0.105028647615891 "05"
"2012-05-07" 5.12857514006868 328.912408759124 0.052259 46.6895306859206 2012 0.719266849658923 21.7928566554236 5 1.27774180413709 0.498370334502259 0.873858520434977 -1.10909231211448 "05"
"2012-05-09" 5.07863613771914 336.697080291971 0.0406843333333333 38.7111913357401 2012 0.73366203658444 24.0787296295166 5 1.58092194398142 0.411621985544234 0.977190110062456 -0.796247295439162 "05"
"2012-05-10" 5.00228741189228 333.226277372263 0.0313893333333333 42.3610108303249 2012 0.72486217196167 25.3263486831907 5 1.36496183280558 0.38890498606478 1.0025148760432 -0.913688776587745 "05"
"2012-05-22" 5.30213604735225 329.178832116788 0.0622693333333333 24.187725631769 2012 0.704408666611961 21.707936059861 5 1.82234695511277 0.425581747624662 0.92538494527484 -0.338717241342579 "05"
"2012-05-23" 5.33665619916862 334.693430656934 0.059313 36.2057761732852 2012 0.715459269114113 22.9617454589359 5 1.65749053109795 0.468156993024113 0.899534057350128 -0.830783068930685 "05"
"2012-05-24" 5.36626265136454 349.175182481752 0.051164 30.4873646209386 2012 0.745669076513702 23.8650787292965 5 2.09793796855061 0.404963319152249 0.98977695402814 -0.63786456470832 "05"
"2012-05-25" 5.44182066690764 346.63503649635 0.0451343333333333 11.1119133574007 2012 0.739537360515498 24.0677772098117 5 2.5370967194556 0.275593458789098 1.11483080438844 0.0886804486433285 "05"
"2012-05-27" 5.18788405928068 326.846715328467 0.047026 29.7075812274368 2012 0.696081705523138 22.8617455013215 5 1.5479404817459 0.386665029922086 0.973081403689393 -0.523791531554689 "05"
"2012-05-28" 5.00560839508404 332.766423357664 0.047985 26.6895306859206 2012 0.708106652307343 22.3812692884415 5 1.65148502889984 0.394839478167173 0.9656674701016 -0.342221211542649 "05"
"2012-05-29" 4.61363636363636 335.313868613139 0.0829143333333333 22.4584837545126 2012 0.712972406243279 23.2428566009279 5 1.64703883918919 0.578554821225259 0.73827553763946 -0.015504988504801 "05"
"2012-05-31" 3.92023992409181 320.42700729927 0.0612086666666667 27.7653429602888 2012 0.680346865050321 23.6553963857984 5 0.841478865590557 0.550562837710463 0.747149818246064 0.049636879245156 "05"
"2012-06-01" 5.08842400144587 339.116788321168 0.0788176666666667 16.2924187725632 2012 0.719561967246895 24.111428124564 5 2.09328041902041 0.490816645983994 0.846050734310749 0.0316315707626494 "06"
"2012-06-02" 4.25014684619555 323.79197080292 0.069112 19.5018050541516 2012 0.686626822577287 24.4642851390536 5 1.27452144823465 0.523124662473515 0.777524390079548 0.241886292023717 "06"
"2012-06-06" 5.02300402132659 309.952554744526 0.0780923333333333 28.6859205776173 2012 0.655950268879986 24.2442851596408 5 1.14685370224814 0.539597005280213 0.758263299977148 -0.40373426091641 "06"
"2012-06-09" 5.25269406289535 314.018248175182 0.060016 31.3393501805054 2012 0.663825037027137 23.3603169274709 5 1.25628533556788 0.446834672563641 0.881929139993315 -0.609867345872361 "06"
"2012-06-10" 5.37205742815832 317.295620437956 0.060883 25 2012 0.670560243256887 24.0111107296414 5 1.5346933265446 0.412091381319861 0.921254794303829 -0.411865546432436 "06"
"2012-06-11" 5.40467987529369 331.14598540146 0.0516765 20.4729241877256 2012 0.69965666660332 24.0512693344601 5 1.93520934229355 0.348918109608591 1.0122938707238 -0.265805298575045 "06"
"2012-06-12" 5.19053293873125 302.474452554745 0.021701 31.0613718411552 2012 0.638943722769978 22.3187295974247 5 0.950513178042235 0.25958426067544 1.08739605805327 -0.57899079279746 "06"
"2012-06-13" 5.27875361467558 321.102189781022 0.019969 29.6498194945848 2012 0.678175611269662 22.9001582312205 5 1.4102783061845 0.244997741781799 1.13250995991354 -0.578330158993797 "06"
"2012-06-14" 5.60474087294415 349.981751824818 0.0422066666666667 12.043321299639 2012 0.739070326121799 23.8212692624047 5 2.61308838558587 0.253839117097524 1.14582810943058 -0.0379845838598569 "06"
"2012-06-15" 5.39136205494307 339.456204379562 0.0318726666666667 17.6570397111913 2012 0.716773547788374 24.4925391484821 5 2.14466087381274 0.243923463721846 1.1466588469642 -0.167967025073364 "06"
"2012-06-16" 5.48489743358034 347.70802919708 0.086883 10.5451263537906 2012 0.734153892763185 25.4338090381925 5 2.58945626120101 0.472946981741279 0.875983141303878 0.0861611364272834 "06"
"2012-06-17" 5.48261002168805 350.868613138686 0.028855 10.2021660649819 2012 0.7408108301531 25.3396819886707 5 2.60096445087753 0.190833856164034 1.21860334197033 0.0750124030086787 "06"
"2012-06-18" 5.25145716609434 343.109489051095 0.030163 15.4512635379061 2012 0.724439528181466 24.9442851354205 5 2.20250559560847 0.238443507046184 1.1540017254219 -0.0319992599516471 "06"
"2012-06-19" 4.82728628230616 307.481751824818 0.036304 29.1913357400722 2012 0.649249326261642 23.9809518844362 5 0.934479615983196 0.354422501710141 0.974083077377579 -0.365335281453453 "06"
"2012-06-20" 4.15805733779143 316.441605839416 0.0514666666666667 19.2166064981949 2012 0.66822788768712 24.1492057679191 5 1.04760532657932 0.440729164881881 0.862177155327825 0.281117577585397 "06"
"2012-06-21" 4.88194130670522 341.64598540146 0.0465556666666667 17.7256317689531 2012 0.72154308599102 24.940951786344 5 1.95480730076696 0.359517905568079 1.00518712542288 0.0307722627838587 "06"
"2012-06-23" 5.52472099222845 350.29197080292 0.053302 13.5559566787004 2012 0.740072293425711 25.2568248264373 5 2.55772554612428 0.321864334842683 1.06598349899202 -0.0611576766497136 "06"
"2012-06-24" 5.05433874028556 312.470802919708 0.186863 25.5523465703971 2012 0.660323078844152 25.9231740860712 5 1.3976694596314 1.05174363772356 0.143603100083218 -0.257305377868669 "06"
"2012-07-01" 5.20427435387674 313.963503649635 0.056587 26.4187725631769 2012 0.665270925982175 23.7888883560423 5 1.35597649127057 0.410637992150425 0.918578027333267 -0.395228639574349 "07"
"2012-07-02" 5.33454387312489 326.51094890511 0.0862236666666667 24.6750902527076 2012 0.692228571401644 24.1674598209442 5 1.75512053196177 0.540733782784639 0.781222117974989 -0.37794022240682 "07"
"2012-07-03" 5.28584176757636 334.996350364964 0.0837703333333333 16.5667870036101 2012 0.710625296739401 25.5628565530928 5 2.10201485802623 0.497784544591076 0.834125593136465 -0.0502365575160096 "07"
"2012-07-05" 5.09283503524309 315.434306569343 0.1152765 23.0758122743682 2012 0.66997216747103 24.6882534329853 5 1.48371558075708 0.689862195963101 0.580737286338522 -0.195648458958609 "07"
"2012-07-06" 5.14384149647569 310.919708029197 0.0789205 30.2274368231047 2012 0.660837553466554 24.2087296379937 5 1.20788269388661 0.541093649697834 0.762927424670824 -0.503133620607285 "07"
"2012-07-07" 5.23657486896801 329.613138686131 0.055607 24.6425992779783 2012 0.701078128447923 24.6484122200618 5 1.75441618807417 0.401275295755141 0.953010062506405 -0.346703339240137 "07"
"2012-07-09" 5.18296471172962 329.503649635036 0.198171666666667 18.6317689530686 2012 0.701946367305535 25.2660311744327 5 2.02678328591227 1.06985783610407 0.142660236130647 -0.0330845194832549 "07"
"2012-07-25" 4.28356000361468 324.127737226277 0.1516285 19.2743682310469 2012 0.703395499383742 25.6753962077792 5 1.49130850765377 0.919720458117731 0.310111847004332 0.316723031675354 "07"
"2012-07-26" 4.31974064702693 311.346715328467 0.03276875 26.9458483754513 2012 0.67669469574894 25.7515868232364 5 0.937642123488008 0.370150845245339 0.960742723966773 -0.0285291820785397 "07"
"2012-07-27" 4.97085103018254 330.693430656934 0.028607 16.8375451263538 2012 0.719879079108338 25.4050787971133 5 1.91017465836638 0.25490420697472 1.12383079063436 0.0994358006051143 "07"
"2012-07-28" 4.44339079161395 297.514598540146 0.02930725 26.7003610108303 2012 0.64870672982803 25.4369835929265 5 0.722340823837523 0.335719052161799 0.982636056407708 -0.0502256405982084 "07"
"2012-07-29" 5.03854712633291 335.481751824818 0.04361325 13.7689530685921 2012 0.732716607600175 24.9809518541609 5 2.14907468202277 0.309400688842833 1.06369968531642 0.202047504276142 "07"
"2012-07-30" 5.02656786553407 325.116788321168 0.13463625 15.2021660649819 2012 0.71130301645224 26.8139675382584 5 1.99292071546832 0.755171586081346 0.515344459779989 0.197507581604797 "07"
"2012-08-06" 5.2098149737936 317.967153284672 0.03472675 21.956678700361 2012 0.705092281590042 24.7687296186175 5 1.72401557583966 0.282969799307424 1.08643316570827 -0.14197662775254 "08"
"2012-08-07" 5.22657803180915 313.14598540146 0.03323875 22.1696750902527 2012 0.695883261874558 25.0473010653541 5 1.63203847707582 0.27322572387793 1.09169706851925 -0.149479058778173 "08"
"2012-08-08" 5.48592535694921 330.540145985401 0.0198805 11.7472924187726 2012 0.736144268826776 25.9819042871869 5 2.37760984707559 0.143933045948632 1.26386676471507 0.144877735578672 "08"
"2012-08-14" 5.15351075365986 323.445255474453 0.203544333333333 5.20938628158845 2012 0.730699315413576 26.285554946415 5 2.47795937953356 1.02989367414356 0.181902544862507 0.635330259394995 "08"
"2012-08-15" 5.15676396168444 327.48905109489 0.13184 6.01805054151625 2012 0.741744329625327 26.3025390988305 5 2.4843603786382 0.686621145669418 0.602058960637147 0.578370116533648 "08"
"2012-08-16" 5.03792585396711 321.441605839416 0.0289113333333333 12.072202166065 2012 0.729968958449761 26.5030153365362 5 2.05391813735654 0.222690339583479 1.15646324466115 0.357706298179899 "08"
"2012-08-18" 4.90754902403759 314.251824817518 0.0231336666666667 14.7725631768953 2012 0.717541008009898 27.1444438752674 5 1.78780580100393 0.215304355566624 1.15770670948967 0.316144406542812 "08"
"2012-08-19" 4.76462249231881 315.817518248175 0.182419 10.0036101083032 2012 0.723148291566454 28.8049199240548 5 2.04627426891719 0.979292731685383 0.236679809288771 0.624057845497868 "08"
"2012-08-28" 4.99112710103018 301.78102189781 0.194546333333333 7.97472924187726 2012 0.7107068832826 28.1673009963263 5 2.03736601552558 1.00265038555418 0.195289110291467 0.685919592858455 "08"
"2012-08-29" 5.12488139345744 308.346715328467 0.153060666666667 5.40794223826715 2012 0.728672183386602 28.773650245061 5 2.28279065762115 0.780118356595379 0.472239496505912 0.72398743539997 "08"
"2012-08-30" 5.35823129405386 310.200729927007 0.0552236666666667 3.30324909747292 2012 0.735627914386124 28.506031036377 5 2.40276915862579 0.275534357254858 1.08158213634002 0.685597305640676 "08"
"2012-08-31" 5.37528239652991 307.21897810219 0.0246366666666667 13.8375451263538 2012 0.731163262334691 27.1482535165454 5 2.07575603690204 0.174438521936319 1.21387547716624 0.263857949373018 "08"
"2012-09-01" 5.19819153262245 303.240875912409 0.0308606666666667 10.2129963898917 2012 0.724325157504821 27.7746026478116 5 2.01022741518501 0.200517995855069 1.17002171514739 0.485490528863973 "09"
"2012-09-02" 5.16832527561901 303.802919708029 0.0458493333333333 8.34296028880866 2012 0.728359836070882 27.5474598294213 5 2.08586743783035 0.267064237089449 1.08946376988796 0.583825963729644 "09"
"2012-09-03" 5.10023947225736 303.777372262774 0.029533 5.80505415162455 2012 0.731049080150298 28.2209518069313 5 2.11319544217519 0.18124445452385 1.18926365063717 0.71148054077528 "09"
"2012-09-04" 5.08428406831737 301.302919708029 0.0335906666666667 8.6028880866426 2012 0.727881188829341 25.5850788903615 5 2.00421803826134 0.214534151229762 1.1501892735554 0.618483983641681 "09"
"2012-09-05" 4.79046177480571 290.682481751825 0.07024 15.870036101083 2012 0.704970826557805 25.3941263774085 5 1.50128387638281 0.447633472067793 0.860550913738947 0.471822326642724 "09"
"2012-09-06" 4.53242476956443 274.405109489051 0.0962833333333333 20.9025270758123 2012 0.668142044851344 24.8165072789268 5 0.929099532901438 0.613133824215707 0.639745685025774 0.394637029867069 "09"
"2012-09-07" 5.0137244713537 288.726277372263 0.0664006666666667 10.6353790613718 2012 0.705856675328296 25.6668248252263 5 1.72383788474212 0.384058722696613 0.931706682626101 0.605429829358941 "09"
"2012-09-08" 4.741059325863 284.470802919708 0.108700333333333 16.6353790613718 2012 0.698314217901916 26.8066661168659 5 1.41140973777264 0.639433623927425 0.624520078071024 0.501398683317101 "09"
"2012-09-09" 4.62445779866257 277.580291970803 0.129066333333333 33.5559566787004 2012 0.68424907236785 25.8955549209837 5 0.829450873522285 0.826159975041968 0.412211629542663 -0.0987878149194946 "09"
"2012-09-10" 4.86247288993313 270.306569343066 0.0487045 21.028880866426 2012 0.66915091970557 25.8041264670236 5 1.01435740891728 0.352478419801959 0.954874812348567 0.276517767731751 "09"
"2012-09-12" 4.4116833092355 272.908759124088 0.040255 27.3935018050542 2012 0.681486629932336 25.9003169347369 5 0.728475195632272 0.380689601524324 0.931397050387591 0.216943103981617 "09"
"2012-09-13" 5.14001219953009 288.463503649635 0.0510065 12.0361010830325 2012 0.72353788143724 26.4139677380759 5 1.84575224753738 0.30438902086482 1.0389191212494 0.550332294215948 "09"
"2012-09-14" 4.93657373938189 286.51094890511 0.0973125 9.78339350180505 2012 0.72189115087718 26.6742850409614 5 1.8239935401743 0.534888159226258 0.755034645057227 0.744426974171136 "09"
"2012-09-15" 4.6983327308874 283.48905109489 0.08033875 13.5342960288809 2012 0.7175570256352 26.9111104692732 5 1.54968177720255 0.489031568583476 0.808560372037337 0.692928698784529 "09"
"2012-09-16" 4.62124977408278 274.361313868613 0.04831075 22.9891696750903 2012 0.697689429830269 26.1193645416744 5 1.05858841703131 0.381170693122078 0.935748624205344 0.34855027206932 "09"
"2012-09-18" 4.40314928610157 266.883211678832 0.1063825 20.8628158844765 2012 0.685152227319449 27.1888881865002 5 0.929636428395716 0.66828313322849 0.575874099132449 0.555930362891113 "09"
"2012-09-19" 4.72760595517802 272.518248175182 0.0494346666666667 14.4151624548736 2012 0.703021574047019 27.3779358939519 5 1.33822843978093 0.335482200161831 0.981528221231908 0.672426666545794 "09"
"2012-09-21" 4.5357231610338 268.565693430657 0.0594065 19.6967509025271 2012 0.699721911059113 25.8053963070824 5 1.07781792214998 0.423464921966105 0.877241540896397 0.563238202572928 "09"
"2012-09-22" 4.83583724923188 265.328467153285 0.09750875 24.3718411552347 2012 0.694789313472233 26.5920628441705 5 1.09764051187576 0.604211581313312 0.666654778173826 0.287485724058039 "09"
"2012-09-26" 4.68492454364721 245.419708029197 0.06939875 19.85559566787 2012 0.656207370697897 26.5487294272771 5 0.713076338819254 0.450012877769069 0.814576025109443 0.542941697316333 "09"
"2012-10-06" 5.04860609072836 257.328467153285 0.0313825 15.187725631769 2012 0.728060889765926 25.8498405880398 5 1.50506358478828 0.215375132826664 1.13420494278418 0.696567664278169 "10"
"2012-10-07" 5.10000790710284 253.850364963504 0.02249825 12.2743682310469 2012 0.722520134545197 27.0161898173983 5 1.53049507329826 0.152357806409705 1.20191091171857 0.796165099931361 "10"
"2012-10-08" 5.00115782577264 250.57299270073 0.0614395 9.30685920577617 2012 0.717499455716693 26.559364591326 5 1.53845437965811 0.334278345981135 0.974300716749429 0.974487511226543 "10"
"2012-10-09" 4.91084176757636 246.204379562044 0.08211475 16.2202166064982 2012 0.709284482218125 26.8182535020132 5 1.26572909067746 0.473510328216562 0.809552112894178 0.754562587393655 "10"
"2012-10-10" 4.69637854690042 242.233576642336 0.1541745 7.09386281588448 2012 0.702130638902888 26.8852374969967 5 1.38122218493999 0.796430570173483 0.401531115022304 1.22998077008659 "10"
"2012-10-11" 4.61727363094162 236.536496350365 0.10116275 22.1660649819495 2012 0.689860770246168 25.005713780721 5 0.805242042652263 0.615072005957832 0.630008292940224 0.656174128214513 "10"
"2013-02-24" 5.1159965658728 233.79197080292 0.0455193333333333 21.8916967509025 2013 0.695902374369776 18.3812693944053 5 1.02881023337222 -0.148992184553498 0.641131520762306 0.478050806717543 "02"
"2013-02-25" 5.19218847560432 243.302919708029 0.066083 21.0072202166065 2013 0.719449046996662 19.1447615245032 5 1.32746933978121 -0.0557594611380139 0.54525082958147 0.491346786306335 "02"
"2013-03-12" 5.28789804656141 265.390510948905 0.041172 36.7003610108303 2013 0.715194445386756 20.8961901286292 5 1.10595405861372 -0.0981882327121621 0.628924619274062 -0.343517621138944 "03"
"2013-03-21" 4.75524596378557 265.92700729927 0.0706663333333333 29.028880866426 2013 0.682500607276723 20.8615869491819 5 0.857460384906562 0.055093973469308 0.412788313689772 0.0731998995911178 "03"
"2013-03-23" 5.37114775666756 265.299270072993 0.04209 35.1552346570397 2013 0.674077042911355 18.7747614572919 5 0.924384211945457 -0.106418384367163 0.618341003830478 -0.43676546556825 "03"
"2013-03-25" 5.84909352421729 291.828467153285 0.043256 15.4368231046931 2013 0.734281296997044 20.0041266244555 5 2.20879911095198 -0.224098250852034 0.780766578072101 0.134346190155411 "03"
"2013-03-26" 5.37085786281331 280.729927007299 0.0521113333333333 21.8953068592058 2013 0.702995670038508 21.4453963627891 5 1.54931559039537 -0.114284169568258 0.631348142299925 0.0588472668034493 "03"
"2013-03-29" 5.80044710552136 300.682481751825 0.0520193333333333 5.16245487364621 2013 0.742598662882389 22.1753962683299 5 2.55856053093053 -0.222268044232018 0.772446097076487 0.518318418216129 "03"
"2013-03-30" 5.82477588975114 302.233576642336 0.062713 11.2996389891697 2013 0.743100951271596 21.8419044131324 5 2.4486998516372 -0.142219304582031 0.686314201545135 0.263051885176437 "03"
"2013-03-31" 5.60020850057979 291.613138686131 0.062522 20.5270758122744 2013 0.713844797861576 21.4049201238723 5 1.85387300674835 -0.0843683921924349 0.607417763091547 -0.0200835284342236 "03"
"2013-04-09" 5.72718758362323 279.419708029197 0.0485303333333333 31.8375451263538 2013 0.659681293719369 19.5039678755261 5 1.19795396516432 -0.11303519259573 0.626999339606761 -0.58897959749058 "04"
"2013-04-10" 5.83341138167871 305.981751824818 0.0548403333333333 19.7075812274368 2013 0.719757326135833 20.6485709992666 5 2.12249981566532 -0.138058679175813 0.684110062856613 -0.169090550803709 "04"
"2013-04-11" 5.96526848630809 307.737226277372 0.0466806666666667 32.4657039711191 2013 0.721299371767936 21.5087297379024 5 1.89449568841824 -0.126994894137024 0.69179364552994 -0.730624888486323 "04"
"2013-04-13" 5.38180693069307 306.156934306569 0.0463356666666667 21.4007220216606 2013 0.712628832875257 21.6650788746183 5 1.80768425665787 -0.132809629003099 0.671251764430984 -0.0858233351063734 "04"
"2013-04-14" 6.0777919008117 312.806569343066 0.0450023333333333 17.8086642599278 2013 0.725660700244342 21.1646025824168 5 2.36496843004079 -0.212262275971953 0.779976567207106 -0.225811118921585 "04"
"2013-04-15" 6.12895259120507 319.069343065693 0.0407753333333333 15.5342960288809 2013 0.737754802036092 21.5160311441573 5 2.56260769765604 -0.245251270788854 0.826089062202535 -0.168189845204747 "04"
"2013-04-18" 5.84664057621978 291.142335766423 0.0659225 34.7761732851986 2013 0.666841419244555 22.8738089516049 5 1.33524601793111 -0.0187323247119566 0.529156722508306 -0.808185128776621 "04"
"2013-04-23" 5.80328472036393 327.941605839416 0.164506666666667 31.3140794223827 2013 0.740386906582842 24.3725391266838 5 2.23493287182675 0.463526233424052 -8.05281306959574e-05 -0.668990493325471 "04"
"2013-04-24" 5.56151324591919 307.51094890511 0.155743666666667 40.2382671480144 2013 0.692402698087754 22.6215868450346 5 1.43975270317418 0.475409738526226 -0.0385754825914659 -0.920750287339973 "04"
"2013-04-25" 5.72188587101953 338.42700729927 0.133015333333333 18.187725631769 2013 0.760024358520858 24.0855549706353 5 2.67847973629176 0.259202704772206 0.240650556759516 -0.154357788484086 "04"
"2013-04-26" 5.95634867540808 337.328467153285 0.128153666666667 10.014440433213 2013 0.755627789111104 24.0293645404634 5 2.94900203052705 0.17633889458068 0.328997609626347 0.0674428201588539 "04"
"2013-04-27" 5.33758139327446 304.211678832117 0.190783 44.0649819494585 2013 0.679752895171997 21.2546026895917 5 1.17058551426838 0.681714692876183 -0.291196896889825 -0.983664138879994 "04"
"2013-05-05" 5.92276001248774 327.529197080292 0.037968 42.101083032491 2013 0.719042846219506 20.9806344168527 5 1.76362855883862 -0.109281331197621 0.69294866844996 -1.24599176492335 "05"
"2013-05-06" 5.71922107751316 327.660583941606 0.055582 52.4837545126354 2013 0.717937650227427 23.5644439515613 5 1.42667208560525 0.0432479566058979 0.521397861687884 -1.5706376986338 "05"
"2013-05-07" 5.6472437784319 325.397810218978 0.0464193333333333 51.898916967509 2013 0.711639197080176 24.6712693108453 5 1.33945379882686 0.00108213045990466 0.566073568766158 -1.52550210456252 "05"
"2013-05-08" 5.8154881366515 339.912408759124 0.023137 36.7039711191336 2013 0.7420268035516 26.8744437505328 5 2.0611950290204 -0.19265262551564 0.801593574857683 -1.02121327200581 "05"
"2013-05-09" 5.76520827758452 335.043795620438 0.030286 51.4187725631769 2013 0.730105854602426 26.9187295399015 5 1.57928881065896 -0.0853416476567796 0.684393996465357 -1.57432640194415 "05"
"2013-05-10" 5.7373840424583 335.069343065693 0.0359645 48.3574007220217 2013 0.728911271655821 27.1766660781134 5 1.6378338068578 -0.0699675404455725 0.660832584664358 -1.44537303048715 "05"
"2013-05-11" 5.88338462224601 347.313868613139 0.0648925 11.2743682310469 2013 0.754295591822824 26.0536502656483 5 2.8813527924707 -0.113685452606295 0.682363474090028 -0.0547380750744771 "05"
"2013-05-12" 5.80206382124699 337.978102189781 0.1682585 25.3790613718412 2013 0.732842992662475 24.5752375163729 5 2.40680823294986 0.459041934019695 -0.001050560718949 -0.53092629798588 "05"
"2013-05-20" 5.97052002497547 306.153284671533 0.050232 44.5956678700361 2013 0.656591285631366 20.3480946525695 5 1.18867976809938 -0.0502342334757909 0.585331840924072 -1.38675127055015 "05"
"2013-05-24" 5.71149986620284 317.967153284672 0.0373936666666667 32.971119133574 2013 0.678995813031841 21.6107931288462 5 1.55580562043045 -0.141165471453773 0.69195891141087 -0.856319835378415 "05"
"2013-06-01" 6.19693270002676 325.171532846715 0.0508513333333333 38.2599277978339 2013 0.689918624328288 21.0123804788741 5 1.80259679466453 -0.0881338834910423 0.650763476700423 -1.26665903290977 "06"
"2013-06-02" 6.12372892694675 350.616788321168 0.0496886666666667 20.8158844765343 2013 0.743450792937608 22.599840724279 5 2.70954801528885 -0.160048603595128 0.750839478183782 -0.583452217831109 "06"
"2013-06-03" 5.99457563999643 342.383211678832 0.0596805 39.5054151624549 2013 0.725578129138726 21.8744440230112 5 2.03413179587416 -0.0147632004284705 0.587999412159599 -1.25340588698014 "06"
"2013-06-06" 5.98070533404692 314.105839416058 0.037669 44.5451263537906 2013 0.664677168430687 21.6822218213763 5 1.29107843602756 -0.108597500926105 0.663460733779638 -1.42769378970661 "06"
"2013-06-07" 5.85212068504148 318.35401459854 0.023241 39.5234657039711 2013 0.673391593931437 21.9103169819665 5 1.419817930118 -0.190043254631293 0.758960607750594 -1.19206795729048 "06"
"2013-06-08" 5.76790094549996 302.113138686131 0.0451143333333333 38.9458483754513 2013 0.638802778442631 21.3666661126273 5 1.07777903089623 -0.0863691187329615 0.607787442553328 -1.11246591106108 "06"
"2013-06-09" 5.90153643742753 321.193430656934 0.0621703333333333 38.4259927797834 2013 0.67892333757074 21.7615867947775 5 1.56700457926569 -0.00901222292980653 0.545110461317442 -1.15781184172729 "06"
"2013-06-11" 6.06396061903488 341.536496350365 0.0300036666666667 31.9891696750903 2013 0.721532200870971 21.9415867820619 5 2.18596105984549 -0.201052334204777 0.799510519645448 -1.00350777214223 "06"
"2013-06-12" 6.22438899295335 348.806569343066 0.0292066666666667 25.6859205776173 2013 0.736733868347729 23.0488884638226 5 2.56464555650804 -0.245457354846426 0.857114750030735 -0.827528462739545 "06"
"2013-06-14" 5.86320355008474 326.711678832117 0.0206495 30.3610108303249 2013 0.689850722951464 23.6768248724559 5 1.8080436010775 -0.243729836199978 0.82305211133282 -0.851217281769078 "06"
"2013-06-15" 6.14315181518152 358.740875912409 0.0417753333333333 8.18050541516246 2013 0.757405144261633 25.1455550118098 5 3.16223393809447 -0.256921518341086 0.860720255416479 -0.117778941927544 "06"
"2013-06-16" 6.03764160199804 341.624087591241 0.022301 18.6750902527076 2013 0.721222287619656 24.1266661447192 5 2.4837374411104 -0.299862593642608 0.89917165735538 -0.477057701544759 "06"
"2013-06-17" 5.44773548300776 319.014598540146 0.016846 28.4368231046931 2013 0.67347388029505 23.4612693483867 5 1.48671841794042 -0.239678483755964 0.79849508264572 -0.608569347439781 "06"
"2013-06-18" 5.65243399339934 301.594890510949 0.010116 35.3465703971119 2013 0.636707464993095 21.9061900850326 5 1.05395967969533 -0.2641161897686 0.81324852741169 -0.942668082857445 "06"
"2013-06-19" 5.91782624208367 327.481751824818 0.0410025 29.4512635379061 2013 0.691393028680325 22.6211105831086 5 1.89342351955336 -0.153431949630522 0.715338487507389 -0.830122506736729 "06"
"2013-06-20" 5.53136985995897 300.167883211679 0.017372 32.8772563176895 2013 0.633782390186247 22.3950788709852 5 1.03263003925034 -0.231062551714889 0.766542512720675 -0.79460260858938 "06"
"2013-06-21" 6.15513781107841 344.051094890511 0.0583305 18.2202166064982 2013 0.726529137197411 22.7446026574998 5 2.64137448085496 -0.135800732015405 0.707081643413564 -0.493105598948245 "06"
"2013-06-22" 6.01538667380252 328.656934306569 0.0425133333333333 29.8447653429603 2013 0.694133663900274 23.0380947173588 5 1.95931251198909 -0.15194204662037 0.717237110730088 -0.883242465467226 "06"
"2013-06-23" 5.97772277227723 347.13503649635 0.0476196666666667 22.7942238267148 2013 0.733305642458431 23.9503168681311 5 2.49861045060029 -0.1497095144955 0.732706501922656 -0.609660698693856 "06"
"2013-06-24" 5.60888859156186 346.211678832117 0.0613513333333333 31.2960288808664 2013 0.731527421562495 24.1133328089638 5 2.10977119213524 -0.0116197075222586 0.572918521255937 -0.792361737170787 "06"
"2013-06-25" 5.8452635804121 344.890510948905 0.0575263333333333 32.5776173285199 2013 0.728934514990013 23.8836502801804 5 2.16478719602666 -0.0445974218888377 0.615261604941097 -0.933705367212385 "06"
"2013-06-26" 5.79488894835429 342.700729927007 0.101863333333333 27.5595667870036 2013 0.724530607091853 24.0404756334093 5 2.26333346297349 0.150195544411657 0.370864699841151 -0.698065832161468 "06"
"2013-06-29" 6.15888970653822 360.379562043796 0.0609416666666667 4 2013 0.762784454625342 28.6893645392524 5 3.3365439834557 -0.184460403755248 0.7716594662748 0.0509365882830171 "06"
"2013-06-30" 6.15871688520203 359.481751824818 0.0735 8.40072202166065 2013 0.76123288129878 27.360475691538 5 3.22744875219919 -0.102771834218714 0.678569954825017 -0.114372701445929 "06"
"2013-07-01" 6.03709526358041 342.445255474453 0.121666333333333 18.0397111913357 2013 0.725516203829047 25.7590469784207 5 2.63607097361173 0.180324124270071 0.324936825237372 -0.407356338814041 "07"
"2013-07-02" 5.95075706895014 336.083941605839 0.177318 21.3321299638989 2013 0.712418728038789 24.3092057969835 5 2.44356122052436 0.471072952809723 -0.029822537728373 -0.473811116708062 "07"
"2013-07-04" 5.32247903844438 335.733576642336 0.0992886666666667 34.6859205776173 2013 0.712516362835946 25.2615867190891 5 1.73071541403836 0.208484510878767 0.295505954170568 -0.77919769883935 "07"
"2013-07-05" 5.71046851306752 321.762773722628 0.038756 46.6389891696751 2013 0.683308672452452 24.7009518941243 5 1.28321196481601 -0.0673208438651748 0.626355581021868 -1.40493809377149 "07"
"2013-07-06" 5.65017059138346 341.583941605839 0.0459245 29.8158844765343 2013 0.725899217900123 25.1777771238297 5 2.0799511150322 -0.0993248765244318 0.671421457519674 -0.739226491041542 "07"
"2013-07-07" 5.55035790741236 316.916058394161 0.04447 40.4729241877256 2013 0.673965490445914 25.3023804255894 5 1.26437916216256 -0.057647940808914 0.597231104496289 -1.09178017857697 "07"
"2013-07-08" 5.45178842208545 317.92700729927 0.117717 36.014440433213 2013 0.676631583257337 25.4533327193487 5 1.42427882267072 0.285757612244308 0.179843956611639 -0.850705246933371 "07"
"2013-07-13" 5.72373673178129 339.755474452555 0.191569 12.7870036101083 2013 0.726284031861206 27.8863484518869 5 2.6671323184782 0.519948804673037 -0.094588541965189 -0.0316939166073631 "07"
"2013-07-15" 5.83598140219427 336.653284671533 0.14758975 15.2851985559567 2013 0.721127600114701 25.301269289047 5 2.56069012102839 0.307282255774273 0.161189725821139 -0.18234563167322 "07"
"2013-07-16" 5.93386517705825 343.248175182482 0.08422425 11.5740072202166 2013 0.736053108503991 26.7942851233104 5 2.77410400395036 -0.0238899881375716 0.564972499534018 -0.103201113009207 "07"
"2013-07-17" 5.79924850593167 340.985401459854 0.2070595 7.07220216606498 2013 0.73202617953287 27.6330151633611 5 2.90308004658871 0.561939132906428 -0.148533035946541 0.176510056125523 "07"
"2013-07-18" 5.75076375880831 336.193430656934 0.21362525 12.4512635379061 2013 0.722584110849862 25.9303168947735 5 2.6621018778652 0.621564721085233 -0.220224095579109 -0.00556677978883136 "07"
"2013-07-19" 5.84104339488003 326.978102189781 0.04149025 24.9061371841155 2013 0.703630806153774 24.9103169516912 5 2.0391949876194 -0.167102161125173 0.729965130790631 -0.582257347095432 "07"
"2013-07-20" 5.24555124431362 304.222627737226 0.0067655 33.3104693140794 2013 0.655486137566787 24.4534914834159 5 1.0378086728189 -0.255252122528459 0.804950883494969 -0.669777048559898 "07"
"2013-07-21" 5.62191151547587 303.255474452555 0.016926 27.5379061371841 2013 0.654252664540714 25.1009519062345 5 1.35689320650751 -0.265663729715669 0.813067056862487 -0.582753741236676 "07"
"2013-07-23" 5.19086722861475 317.93795620438 0.09408175 18.826714801444 2013 0.68780741240144 25.4471422831217 5 1.75546227165908 0.110247727064986 0.36854297797016 -0.0530397338951638 "07"
"2013-07-24" 5.85165239496923 338.481751824818 0.0586955 12.5342960288809 2013 0.733302102957955 26.2980945223854 5 2.63163722649718 -0.13880437920655 0.699206636903175 -0.0918663790552484 "07"
"2013-07-25" 5.79644434037998 331.226277372263 0.03589975 19.0252707581227 2013 0.718646859298812 25.649999436878 5 2.2788567360396 -0.217058076054098 0.79052732845064 -0.323488265569864 "07"
"2013-07-26" 5.54888613861386 311.642335766423 0.0347775 30.4007220216606 2013 0.677189758595219 25.6660311259921 5 1.47737042964683 -0.155670821240472 0.699507447213096 -0.652736114455213 "07"
"2013-07-27" 4.10693180804567 315.916058394161 0.169894 12.1805054151625 2013 0.687557695300605 24.966824879722 5 1.44684971476195 0.537319536411892 -0.167528053575392 0.670458511209156 "07"
"2013-07-28" 5.67138859156186 338.795620437956 0.15951275 5.86281588447653 2013 0.738548991329641 25.8768248482356 5 2.84478756690682 0.334434670588541 0.122887340421311 0.290758170523174 "07"
"2013-07-29" 5.54429801088217 328.149635036496 0.16727975 10.6859205776173 2013 0.716536504005579 26.6444439055428 5 2.4575673583387 0.401360465542407 0.0316303686797055 0.166843460042143 "07"
"2013-07-30" 6.03919699402373 339.361313868613 0.0150795 8.18050541516246 2013 0.742291750453403 27.8036501142714 5 2.84578467983582 -0.387347838472349 0.998270418933085 0.00934046113395953 "07"
"2013-07-31" 5.6129192311123 321.704379562044 0.11378625 17.7111913357401 2013 0.704914516365727 28.1119040837364 5 2.14557854941564 0.16631144011632 0.315119105196652 -0.142329526827097 "07"
"2013-08-06" 5.72352488627241 328.879562043796 0.168054 8.97111913357401 2013 0.729087840662425 28.0369833991641 5 2.67214471915237 0.381649603625965 0.0614272965601104 0.196678962266489 "08"
"2013-08-07" 5.67126594416198 323.397810218978 0.1826035 11.826714801444 2013 0.718460683313065 26.5203168051583 5 2.48580847641617 0.468023283380636 -0.0468011938061694 0.1193313385305 "08"
"2013-08-09" 5.63189612880207 326.014598540146 0.168963 11.0397111913357 2013 0.727476397723364 27.2920630016024 5 2.54726721165114 0.402262353886868 0.0361201570272555 0.167860793674682 "08"
"2013-08-10" 5.54004995094104 326.43795620438 0.16376175 8.99638989169675 2013 0.73008928775504 29.1295231713189 5 2.56551465795268 0.375069831172542 0.0662103362981585 0.286111879226527 "08"
"2013-08-11" 5.2242328962626 318.726277372263 0.20116325 29.2238267148014 2013 0.714513870380684 29.7888881441147 5 1.80867816366149 0.676841879267019 -0.283128589717056 -0.358099736982186 "08"
"2013-08-13" 5.15660957987691 327.021897810219 0.182037 28.4151624548736 2013 0.736677760432917 29.0258725181458 5 1.97574473963681 0.589092951461808 -0.164986986033102 -0.302306817669136 "08"
"2013-08-14" 5.28533917580947 327.317518248175 0.133330333333333 19.173285198556 2013 0.739198251413179 30.5130150810121 5 2.22806926587639 0.297372924945048 0.17500784692502 -0.00401667235520525 "08"
"2013-08-15" 5.29684573187048 325.678832116788 0.112708666666667 8.31046931407942 2013 0.737389851555969 31.6484121292356 5 2.44980217909233 0.143467440104585 0.342961619459866 0.41514255474765 "08"
"2013-08-16" 5.43276135045937 322.156934306569 0.188208666666667 10.7400722021661 2013 0.731334866544699 31.6012691921658 5 2.47312647162913 0.508988583100168 -0.0950329310682325 0.303925504776801 "08"
"2013-08-18" 5.39102221032914 298.248175182482 0.0271706666666667 23.0902527075812 2013 0.680746737043192 26.2258723425487 5 1.49208053547135 -0.221407130892707 0.760704684898231 -0.199760995749412 "08"
"2013-08-19" 5.02987579163322 307.105839416058 0.123918666666667 25.4187725631769 2013 0.702933309074803 26.5730151827373 5 1.56555265159538 0.294063312356485 0.156480401185953 -0.112660835792909 "08"
"2013-08-31" 5.51635112835608 300.810218978102 0.0945053333333333 20.0974729241877 2013 0.715549144567665 26.1984121837313 5 1.93476807627496 0.0808143785835288 0.413458174499323 -0.0208431661314246 "08"
"2013-09-01" 5.44742328962626 305.824817518248 0.0926943333333333 12.7039711191336 2013 0.730119647179789 27.5447611430335 5 2.20562712434133 0.0444663486461754 0.455512061807271 0.301028464367221 "09"
"2013-09-02" 5.64510859869771 306.36496350365 0.0448823333333333 7.11552346570397 2013 0.734113940543215 28.1480946011013 5 2.41597579511521 -0.231190982153423 0.782980830196782 0.432607071798935 "09"
"2013-09-03" 5.52004170011596 304.452554744526 0.029009 7.96750902527076 2013 0.732277741099924 27.8982533348931 5 2.29191398095838 -0.294633725479027 0.856776248320622 0.450305025034906 "09"
"2013-09-04" 5.44020381767907 288.740875912409 0.0495906666666667 17.4043321299639 2013 0.697148368574707 26.373967670259 5 1.71038126463409 -0.149430457755764 0.669728904812192 0.130546597811776 "09"
"2013-09-08" 5.62066831683168 278.42700729927 0.0320785 21.7978339350181 2013 0.683065582346255 24.4150787535168 5 1.51033004423285 -0.233528843207593 0.766728043691872 -0.0843668429015731 "09"
"2013-09-09" 5.39382637588083 267.664233576642 0.042091 30.5451263537906 2013 0.659398783112812 24.6301581367614 5 0.970905570863929 -0.128504623375242 0.633120594794341 -0.326270890769455 "09"
"2013-09-14" 5.34221412006065 255.434306569343 0.0228896666666667 25.7364620938628 2013 0.643150828014595 24.4750787946913 5 0.848792441051891 -0.246137202683957 0.752661920468869 -0.0842746261646411 "09"
"2013-09-22" 4.95498840424583 256.321167883212 0.022987 20.3862815884477 2013 0.670668924106616 25.4119041685074 5 0.968037203147756 -0.239300164636765 0.745626825508818 0.350688733650302 "09"
"2013-09-24" 5.07522745517795 261.478102189781 0.015064 21.7978339350181 2013 0.691227941512822 25.083015320793 5 1.15245136093678 -0.279396546785901 0.809598825262533 0.269231935745771 "09"
"2013-09-27" 4.91185554366247 256.102189781022 0.0198636666666667 23.8231046931408 2013 0.687866491072856 26.5349200717987 5 0.968061747367641 -0.235263231561114 0.752953938451736 0.284611185851898 "09"
"2013-10-14" 4.98968089376505 234.43795620438 0.0153493333333333 24.2346570397112 2013 0.695944441351877 24.0468248337034 5 0.883917118668393 -0.273433777733798 0.79237927828031 0.419321830720697 "10"
"2013-10-15" 4.97438341807154 238.467153284672 0.0241946666666667 17.4837545126354 2013 0.712402499595799 24.1439677647182 5 1.18150475627212 -0.260035734452163 0.77669490965405 0.712148222232242 "10"
"2013-10-17" 4.72005730978503 238.018248175182 0.0520703333333333 24.7256317689531 2013 0.720206214670818 23.7777773539225 5 0.957955518395213 -0.069049347823786 0.557924176632676 0.564731919477963 "10"
