"Date" "pv" "ghidfm" "Mean" "cfcdfm" "Year" "Kt" "taxdfm" "km" "PC1" "PC2" "PC3" "PC4" "Month"
"2014-02-27" 5.54250935495367 247.204379562044 0.037458 8.28158844765343 2014 0.722716451069408 18.8584121673826 4 1.83709148189954 -0.73193784636313 0.434205283745029 0.811159130046053 "02"
"2014-02-28" 5.35438012295082 236.875912408759 0.0529925 17.2093862815884 2014 0.688049909765664 18.1158726253207 4 1.25177135503432 -0.601779636117898 0.266260950092212 0.513353902670753 "02"
"2014-03-01" 5.09501960085531 236.759124087591 0.026625 21.086642599278 2014 0.683303938008277 18.7501582493858 4 0.972899858528373 -0.689375052445136 0.371120746117337 0.439023853034483 "03"
"2014-03-12" 5.06267818959373 255.529197080292 0.0423385 38.4368231046931 2014 0.68967112900317 18.6780949244424 4 0.734169010035681 -0.517822295843308 0.202088493857442 -0.339562726289558 "03"
"2014-03-13" 5.37967747683535 266 0.0530875 33.898916967509 2014 0.713838406366851 19.0131742235214 4 1.23939546242014 -0.509595241426045 0.206914638591432 -0.285737282142243 "03"
"2014-03-14" 5.54744297933001 263.087591240876 0.083878 36.6787003610108 2014 0.702044700183976 18.0376187127734 4 1.19124528687751 -0.361819393011297 0.0285423835778104 -0.461596149081493 "03"
"2014-03-15" 5.62783989665003 263.35401459854 0.0708605 42.8194945848375 2014 0.69884399523219 18.4517456993224 4 1.05111812232221 -0.402233803464259 0.0851369393001075 -0.74940999131633 "03"
"2014-03-16" 5.63223895224519 267.686131386861 0.0609825 24.158844765343 2014 0.706434979785191 19.4031742489527 4 1.57123331802963 -0.537896538476508 0.227984685724876 -0.0341645443309213 "03"
"2014-03-17" 5.3031561831789 262.189781021898 0.0670375 26.5667870036101 2014 0.688174518475269 20.063491533673 4 1.20267619924011 -0.471278665435722 0.135771250557347 -0.0124424252526013 "03"
"2014-03-18" 5.48556664290805 264.992700729927 0.1282725 21.898916967509 2014 0.691805518248057 18.6995234110999 4 1.51201373321454 -0.210062479425646 -0.178413953027398 0.112963938910338 "03"
"2014-03-19" 5.43337379722024 258.5 0.119915 30.129963898917 2014 0.671288183658279 19.497936021714 4 1.1025621184585 -0.209429809308347 -0.181588190304391 -0.205419242715691 "03"
"2014-03-24" 5.66733673378475 266.412408759124 0.049464 31.6931407942238 2014 0.674479044538644 18.1477774059962 4 1.18397284607749 -0.560110842634112 0.249778864399531 -0.432648325613393 "03"
"2014-03-25" 5.86154668567356 289.64598540146 0.0417015 11.7942238267148 2014 0.729744169854655 19.2961900347755 4 2.26888691908047 -0.699620599288095 0.430485256326464 0.261652771706265 "03"
"2014-03-26" 5.942528287598 292.416058394161 0.050374 17.2166064981949 2014 0.733205555256726 19.1861901510329 4 2.22949943783503 -0.637082917900547 0.367119590384683 0.0114704888906876 "03"
"2014-03-27" 5.69003920171062 288.919708029197 0.0536125 26.927797833935 2014 0.721033570694876 18.6015867959885 4 1.77310070735981 -0.5549178077937 0.271251135361304 -0.279769368378982 "03"
"2014-03-31" 5.23424692622951 279.29197080292 0.0641165 39.9927797833935 2014 0.684505156421884 20.6441265136477 4 0.945174243576378 -0.406407959344919 0.0831722414315341 -0.648119800289147 "03"
"2014-04-04" 5.81639232893799 299.102189781022 0.0504065 15.3718411552347 2014 0.720771430640969 19.1304757103087 4 2.1824471375312 -0.631088364920651 0.35356997179314 0.0465928966515619 "04"
"2014-04-05" 6.035994297933 305.583941605839 0.028077 9.31046931407942 2014 0.733422658490096 19.7646027216836 4 2.53986371419018 -0.784281486600865 0.541077714803985 0.180126539909403 "04"
"2014-04-06" 5.8250512295082 308.48905109489 0.02752 13.1119133574007 2014 0.737465265909658 21.3842853515867 4 2.39129189782249 -0.749682030894246 0.505667155685784 0.103839144308796 "04"
"2014-04-07" 5.72821632216678 307.405109489051 0.047247 21.8483754512635 2014 0.732020106624614 20.2014281106374 4 2.11211644611082 -0.604200516701538 0.338934273271684 -0.201036199302588 "04"
"2014-04-13" 5.46352124910905 288.846715328467 0.0425415 49.6028880866426 2014 0.672986617381412 23.1463487110441 4 0.801159658754179 -0.479188594151314 0.186337578087134 -1.22544663858377 "04"
"2014-04-23" 6.09295371525303 317.142335766423 0.02965 17.3898916967509 2014 0.716573489760219 21.113650246272 4 2.35342025695743 -0.736069457015173 0.493462231512035 -0.292191377989419 "04"
"2014-04-24" 5.65463515680684 309.890510948905 0.015063 24.6787003610108 2014 0.698302263418241 21.0530154515827 4 1.77939397216059 -0.738141368633285 0.488043472107522 -0.414024013939811 "04"
"2014-04-25" 6.15073725944405 319.996350364964 0.045961 21.7689530685921 2014 0.719179457552369 20.8104756824554 4 2.33095767753632 -0.639358021697468 0.387029135172075 -0.492816009760218 "04"
"2014-04-26" 6.18296730220955 327.773722627737 0.0459725 20.3971119133574 2014 0.734770328597516 21.1971422679841 4 2.53525501880477 -0.645196489029934 0.404053690141266 -0.462217936084233 "04"
"2014-04-27" 6.03816041518175 327.441605839416 0.0414755 21.927797833935 2014 0.732191094562082 21.8953963839819 4 2.40400792425115 -0.647583087268979 0.40582857422374 -0.472856383834397 "04"
"2014-04-28" 6.07181040627227 326.883211678832 0.0362595 21.3249097472924 2014 0.729161783442766 22.1657138703361 4 2.40629850410433 -0.678815358854743 0.441144472305602 -0.469248836794336 "04"
"2014-04-29" 6.03343839094797 324.631386861314 0.062363 18.2635379061372 2014 0.722420074837833 22.3185708484952 4 2.42934706068924 -0.56423051626464 0.294650723205886 -0.328249770255642 "04"
"2014-04-30" 6.0906762295082 332.13503649635 0.0567145 22.2418772563177 2014 0.737410023374768 22.1776183900379 4 2.50554995591858 -0.57422539454605 0.323935672498683 -0.518551571665516 "04"
"2014-05-01" 5.98598984319316 327.583941605839 0.0598625 21.2635379061372 2014 0.725669280934555 22.4087296137734 4 2.37350391515053 -0.556639953007513 0.292218611903003 -0.440080980016018 "05"
"2014-05-02" 6.07779646293656 335.328467153285 0.030491 14.1805054151625 2014 0.741198959093573 22.9717455213032 4 2.71287846844111 -0.737629460816489 0.5120800250597 -0.22036547800924 "05"
"2014-05-03" 5.9454572790449 342.620437956204 0.0316995 15.9963898916968 2014 0.755704566923904 23.7436502396114 4 2.75069045904267 -0.708735596473589 0.489030298448919 -0.249807324590064 "05"
"2014-05-04" 5.5225966678546 316.456204379562 0.056742 51.5920577617329 2014 0.696550596025418 23.4228565579369 4 1.14838060702379 -0.392271705493704 0.111555023221775 -1.45283911437976 "05"
"2014-05-05" 5.6347614486814 331.21897810219 0.045766 24.6064981949458 2014 0.727578929515339 23.4384122273279 4 2.14484300286699 -0.577732559853438 0.320593561844564 -0.46085819815616 "05"
"2014-05-06" 5.73167431397006 322.514598540146 0.0713145 44.841155234657 2014 0.707074875244559 22.6968248306759 4 1.53935972326555 -0.368652089182923 0.0847284952831514 -1.27741894850999 "05"
"2014-05-07" 5.70616535994298 300.832116788321 0.1038555 30.0505415162455 2014 0.658288608822769 22.5119043229118 4 1.44939165829954 -0.288259020302946 -0.0670352521414103 -0.663041562405948 "05"
"2014-05-08" 5.83867159657876 321.843065693431 0.147552 16.4729241877256 2014 0.702970498815918 23.225713699583 4 2.32287436962821 -0.142946071917777 -0.226075727510962 -0.187646521820588 "05"
"2014-05-09" 5.97668500534569 335.835766423358 0.1530055 9.13718411552347 2014 0.732225902783851 23.8563486129519 4 2.86000437867367 -0.157118809491308 -0.196206116018394 0.0323895400187673 "05"
"2014-05-10" 6.04588938880969 330.394160583942 0.02537 16.5234657039711 2014 0.719117412803581 23.5028566027445 4 2.459850707562 -0.750248886133999 0.517019905821432 -0.331163588949981 "05"
"2014-05-11" 6.08108740199572 336.602189781022 0.0749215 14.1083032490975 2014 0.731404264857517 23.9888883015466 4 2.71024708844127 -0.521227461218381 0.248612899916636 -0.240370239250913 "05"
"2014-05-12" 5.31697701354241 330.86496350365 0.166212 22.1841155234657 2014 0.717774390635164 23.7444439539834 4 2.10898743658764 0.0231178013748845 -0.41202680522205 -0.223493334708256 "05"
"2014-05-16" 5.92239843193158 343.328467153285 0.071253 17.6425992779783 2014 0.740394045637809 23.3311108180455 4 2.64971489266271 -0.505656750828139 0.240688933277149 -0.340932441256026 "05"
"2014-05-17" 6.00542921418389 339 0.050117 25.2274368231047 2014 0.730066997892879 23.0895233154297 4 2.38895519533426 -0.580935034520566 0.33529391726859 -0.676899585047073 "05"
"2014-05-18" 5.69271204561654 339.357664233577 0.0672755 27.1371841155235 2014 0.729881595949356 22.9565074254596 4 2.20914959029004 -0.461840103895589 0.191315014617111 -0.626883530414384 "05"
"2014-05-27" 5.77398877405559 296.284671532847 0.020372 40.5162454873646 2014 0.631142846764937 20.9099995295207 4 0.938667594589708 -0.650894807609479 0.367924608005939 -1.17800741639007 "05"
"2014-05-29" 5.66314927833215 298.270072992701 0.016418 32.3140794223827 2014 0.634334723123744 21.7449200493949 4 1.11207290665014 -0.699079021671106 0.415552610908805 -0.820745366418979 "05"
"2014-05-30" 5.61428635067712 285.029197080292 0.01845 35.7833935018051 2014 0.605719718349659 21.5980948039464 4 0.729008352563871 -0.674165507901143 0.369282077797996 -0.924898551315708 "05"
"2014-05-31" 5.9730766660727 321.080291970803 0.0469505 34.0505415162455 2014 0.681849017812455 21.9534916347928 4 1.72167513897009 -0.558680416861888 0.288087348915031 -1.02291966459835 "05"
"2014-06-01" 5.9970710085531 330.540145985401 0.044024 34.1985559566787 2014 0.701470546263582 22.1411107532562 4 1.92011359904319 -0.570133715771053 0.316642233889012 -1.05001511883695 "06"
"2014-06-02" 6.19288466678546 345.656934306569 0.046378 19.3104693140794 2014 0.733093567066776 23.2914281269861 4 2.68709213811 -0.639868561356314 0.405143334605242 -0.559388041488852 "06"
"2014-06-03" 6.00896516393443 347.102189781022 0.037385 22.7870036101083 2014 0.735729996358272 23.3133328150189 4 2.53115553454068 -0.650802606198171 0.422775175441398 -0.630161761581874 "06"
"2014-06-05" 4.94598627940128 333.248175182482 0.037106 30.85559566787 2014 0.705628840328992 22.6447612520248 4 1.52397078325314 -0.529850443685569 0.253979802374971 -0.521513762919075 "06"
"2014-06-07" 4.91613395402709 314.06204379562 0.035413 35.3321299638989 2014 0.664418368458131 23.265872531467 4 0.998957280385972 -0.522386052693798 0.221141664436589 -0.66780477361319 "06"
"2014-06-08" 5.93046707947256 326.189781021898 0.01596 27.5776173285199 2014 0.689812857938515 23.7507931542775 4 1.9116619753041 -0.734332216391885 0.495735338889765 -0.778748170522412 "06"
"2014-06-09" 6.05210931931575 342.959854014599 0.0278765 20.5162454873646 2014 0.725030169314969 23.1850789085267 4 2.49896773120462 -0.713209865732312 0.487753217565198 -0.563223321446959 "06"
"2014-06-10" 5.69417097291518 329.175182481752 0.021226 24.9205776173285 2014 0.695678700734747 23.4847614348881 4 1.92413692385843 -0.700206884752235 0.452550912444346 -0.585536586200858 "06"
"2014-06-11" 5.85639032430506 347.919708029197 0.0178995 17.6101083032491 2014 0.735099840023788 23.6461898258754 4 2.56237661161164 -0.75693369577796 0.541122989257852 -0.38377175612007 "06"
"2014-06-12" 5.80265502494654 335.029197080292 0.03759 22.0505415162455 2014 0.707705160536672 24.395396278018 4 2.18236899408394 -0.641012543300878 0.387764913408519 -0.516219990561478 "06"
"2014-06-16" 5.08157742337847 340.832116788321 0.07504 29.4801444043321 2014 0.719590089291246 23.6574598191276 4 1.8070789949836 -0.360144520001652 0.0609213123826086 -0.519861726961288 "06"
"2014-06-17" 4.97968081789023 306.930656934307 0.0285585 44.014440433213 2014 0.647991902968229 23.771428123353 4 0.658154603192548 -0.522561700810634 0.22258518602614 -1.03131906144642 "06"
"2014-06-21" 5.51231178724163 326.78102189781 0.0325113333333333 42.1480144404332 2014 0.690059466927313 24.0603169940767 4 1.37959722255618 -0.548662964918929 0.288429648251812 -1.18365659294292 "06"
"2014-06-22" 4.68480488239487 324.361313868613 0.034821 28.0252707581227 2014 0.685052868720847 24.2752374921526 4 1.26641991180334 -0.536204264489794 0.239964616241455 -0.306498455011612 "06"
"2014-06-24" 5.78260312722737 326.047445255474 0.024224 26.7364620938628 2014 0.688897626736925 23.386983629257 4 1.8612199679786 -0.68575199781215 0.433962055680454 -0.687006567494356 "06"
"2014-06-25" 5.56559604419102 297.419708029197 0.014287 36.2635379061372 2014 0.628575032514283 23.084126336234 4 0.924433309912533 -0.682521811491088 0.396771823421866 -0.949091596098064 "06"
"2014-06-26" 5.70343683178902 323.959854014599 0.023505 31.3465703971119 2014 0.684869986853616 24.1098406958202 4 1.67007470655511 -0.661443508414529 0.40717565582888 -0.833570463069045 "06"
"2014-06-27" 5.18274456521739 313.379562043796 0.0273166666666667 32.3357400722022 2014 0.662724834188025 23.9876185825893 4 1.17752664680836 -0.598831809350818 0.310842364422145 -0.657189948911195 "06"
"2014-06-28" 5.81551251781896 339.116788321168 0.0208113333333333 21.3393501805054 2014 0.717420216721706 24.3276184626988 4 2.27951856719312 -0.725332103590282 0.494820373844493 -0.500808324157394 "06"
"2014-07-02" 5.53665694048468 294.857664233577 0.028458 26.3285198555957 2014 0.624950601470145 23.9523804376996 4 1.12226665848955 -0.659884169076471 0.352451572585585 -0.535908437639608 "07"
"2014-07-04" 5.06273944226657 292.091240875912 0.0594243333333333 33.6967509025271 2014 0.619803928415235 23.6452375139509 4 0.69243381865866 -0.435402156919472 0.0836105372760054 -0.623457326972504 "07"
"2014-07-06" 5.73761582323592 341.419708029197 0.0383913333333333 18.927797833935 2014 0.725426013845258 24.2776185293046 4 2.38519185714719 -0.643992634171456 0.397977804108233 -0.362598706807453 "07"
"2014-07-08" 5.76253452423378 326.941605839416 0.04892 26.8880866425993 2014 0.695681598450368 24.169681851826 4 1.92304673140406 -0.563132340607142 0.290550924457232 -0.662092506438847 "07"
"2014-07-12" 4.50451599251604 320.85401459854 0.142834 19.6570397111913 2014 0.685053295499483 24.7860312083411 4 1.46674313344979 -0.0378678587349379 -0.373319279333426 0.157612152851227 "07"
"2014-07-13" 5.1017072790449 334.156934306569 0.0332486666666667 30.6209386281588 2014 0.714134491460266 24.9215867784288 4 1.66232857576894 -0.562745896046639 0.299534570486014 -0.555566583636358 "07"
"2014-07-14" 5.79668567355666 333.448905109489 0.033483 24.4584837545126 2014 0.713327856963608 25.4265074654231 4 2.14120153037985 -0.65002244278519 0.403610180499538 -0.581335817752541 "07"
"2014-07-15" 5.62028354419102 337.514598540146 0.111011 15.4548736462094 2014 0.722770936111274 25.9714280083066 4 2.44189776992464 -0.299674424800786 -0.024526552805603 -0.132861495912312 "07"
"2014-07-16" 5.18214317533856 323.886861313869 0.058901 33.4476534296029 2014 0.694332864045581 25.6685709574866 4 1.46033367582648 -0.435841662078825 0.137434056807368 -0.671279620622897 "07"
"2014-07-17" 5.54432466143977 309.653284671533 0.032252 34.6281588447653 2014 0.664560576137511 25.5607929835244 4 1.28918204901402 -0.596403730087377 0.314475309649107 -0.852513473821162 "07"
"2014-07-18" 5.65826576977905 324.401459854015 0.02303 21.7039711191336 2014 0.697018936605512 25.7920628805009 4 1.95924539214095 -0.706333240325437 0.45305828655552 -0.40615500761715 "07"
"2014-07-19" 5.60207479508197 342.007299270073 0.014849 10.8664259927798 2014 0.735730292630219 25.6242851075672 4 2.5572673858547 -0.785656789327145 0.560172925217789 0.0226857078816122 "07"
"2014-07-20" 5.43336822879544 327.78102189781 0.128138333333333 15.9241877256318 2014 0.706004287687621 25.4850787510948 4 2.17965788566644 -0.202774183413544 -0.155536211695597 -0.0507781671492506 "07"
"2014-07-21" 5.61362370812544 330.726277372263 0.103779333333333 14.4945848375451 2014 0.713265950163279 25.3542851342095 4 2.34433745578069 -0.341979624523916 0.0166684154012085 -0.0740476850835158 "07"
"2014-07-22" 5.67934225766215 325.35401459854 0.0100963333333333 20.3429602888087 2014 0.702614980705508 25.4480946858724 4 2.03108018833828 -0.777221804020536 0.539588046758007 -0.356350074108406 "07"
"2014-07-27" 4.57013431040627 297.200729927007 0.0314823333333333 26.6209386281588 2014 0.646544876461455 25.2195232330807 4 0.798122352109705 -0.561970011790877 0.234755109615414 -0.124040452217917 "07"
"2014-07-28" 5.75662642551675 328.777372262774 0.047717 24.5667870036101 2014 0.716388922210127 25.3492058648003 4 2.11899634365776 -0.579510914390613 0.317624133041025 -0.521274102571624 "07"
"2014-07-29" 5.70220064148254 328.361313868613 0.0502736666666667 25.3249097472924 2014 0.716667664632874 25.9782533797007 4 2.07547820511931 -0.559098607950442 0.293420198207469 -0.524955557186581 "07"
"2014-07-30" 5.57985678011404 335.098540145985 0.0238813333333333 20.7689530685921 2014 0.732619081923977 26.1260311792767 4 2.24750644372478 -0.696007117127849 0.460890025270317 -0.311214239576114 "07"
"2014-07-31" 5.65460731468282 326.609489051095 0.161258666666667 15.3898916967509 2014 0.715312104609575 26.0807930477082 4 2.38593997081556 -0.0640280156450707 -0.316142539737936 -0.0668157963395733 "07"
"2014-08-01" 5.48752116001426 309.835766423358 0.0476533333333333 24.5523465703971 2014 0.679799551738042 26.1676183730837 4 1.61733659397579 -0.565488984547293 0.270025285851125 -0.38649347702531 "08"
"2014-08-02" 5.29039335352815 286.189781021898 0.0194606666666667 35.4584837545126 2014 0.629082639572004 24.4131740993924 4 0.735203734974877 -0.643885406991463 0.340068405722694 -0.725082782965784 "08"
"2014-08-03" 4.92064437811832 291.638686131387 0.015195 35.9891696750903 2014 0.642280766204175 25.1196820395333 4 0.659999589919568 -0.628620656774322 0.327007553235649 -0.604616471363876 "08"
"2014-08-04" 5.23510446364932 284.671532846715 0.0331246666666667 32.0397111913357 2014 0.62816282116633 25.1788884420244 4 0.787671890895805 -0.589908414254311 0.268675905640572 -0.556324915855818 "08"
"2014-08-05" 5.49361858517463 307.156934306569 0.100704666666667 37.7906137184115 2014 0.679140085814846 25.9363485063825 4 1.3339014798727 -0.246240612652231 -0.0961815533670442 -0.868754122231588 "08"
"2014-08-06" 5.20272407341411 307.273722627737 0.168517 47.2057761732852 2014 0.680797594111384 26.5041263822525 4 1.04735145670228 0.152878793260002 -0.564567900945901 -1.09420003388249 "08"
"2014-08-08" 5.57967859052031 309.040145985401 0.049088 20.8916967509025 2014 0.687644038906049 26.0592057667081 4 1.79577227018495 -0.584541629764704 0.292221507186696 -0.249352835504545 "08"
"2014-08-09" 5.55918678724163 316.306569343066 0.033555 19.187725631769 2014 0.705375120904404 25.9604755886017 4 1.9756870346454 -0.663428351062047 0.396451853982428 -0.181118452082474 "08"
"2014-08-10" 5.29675249465431 310.321167883212 0.025502 20.0252707581227 2014 0.693601733374729 26.48650729467 4 1.700180900279 -0.679040722220332 0.404290312195435 -0.106321092173008 "08"
"2014-08-11" 5.62076242872416 320.64598540146 0.0752776666666667 14.5054151624549 2014 0.718348794902842 26.9282534160311 4 2.27596159185953 -0.486523332857973 0.187051572803077 0.000859318413955423 "08"
"2014-08-12" 5.37628073770492 296.591240875912 0.0838096666666667 19.3935018050542 2014 0.666043925732257 26.895237362574 4 1.54075868873193 -0.411352828560143 0.0630722318899491 -0.071714844102482 "08"
"2014-08-13" 5.72562700463293 309.63503649635 0.0385716666666667 14.7581227436823 2014 0.697034194836815 26.2930153135269 4 2.0674580024003 -0.67738016319508 0.401628573886945 -0.0465025367151024 "08"
"2014-08-14" 5.81168700997862 323.448905109489 0.05221 9.89530685920578 2014 0.729951156315281 26.9593645428854 4 2.55007326773413 -0.635818526300546 0.369055421726099 0.112301043538589 "08"
"2014-08-15" 5.76531873663578 319.85401459854 0.0479386666666667 10.5090252707581 2014 0.723684026524503 26.2553961012099 4 2.44216446717512 -0.65133679693081 0.383050096873207 0.112336647754043 "08"
"2014-08-16" 5.78829405737705 322.525547445255 0.0479306666666667 9.74007220216606 2014 0.73163680754897 27.1674596392919 4 2.54173540211604 -0.655939332181275 0.392969521894538 0.137599461852455 "08"
"2014-08-17" 5.56575196008553 321.13503649635 0.124664 10.7797833935018 2014 0.73043029690335 27.0984119839138 4 2.47025943127906 -0.259931632103304 -0.0845618166469553 0.219124971447939 "08"
"2014-08-18" 5.64489041339986 312.131386861314 0.062342 14.2490974729242 2014 0.711891567762154 25.6011104886494 4 2.17720522925002 -0.556812506835985 0.26366156604839 0.0397356976477707 "08"
"2014-08-21" 5.20998529935852 317.51094890511 0.121573666666667 11.5126353790614 2014 0.730377391521591 26.9795231894841 4 2.24807403268857 -0.243325504932693 -0.109892536902591 0.353717028773942 "08"
"2014-08-22" 5.25049002138275 316.496350364964 0.0372016666666667 10.5884476534296 2014 0.730209640502251 26.1519042423793 4 2.1932015270032 -0.661746008313159 0.390454485809904 0.348922070773931 "08"
"2014-08-23" 5.42331165359943 309.835766423358 0.0433666666666667 16.6462093862816 2014 0.717013662385432 25.7493644593254 4 2.00658699904465 -0.620302323152766 0.341502220027111 0.0567874699569593 "08"
"2014-08-24" 5.56781784568781 312.430656934307 0.0215876666666667 9.96750902527076 2014 0.725259698683349 26.2285708472842 4 2.28628571208807 -0.769273064560485 0.517989311441933 0.259170923337307 "08"
"2014-08-25" 5.54487593549537 304.912408759124 0.043204 13.2490974729242 2014 0.710045578888747 27.2630152626643 4 2.06758605981435 -0.649853513778245 0.36783743494074 0.157741796127324 "08"
"2014-08-29" 5.31823547754811 308.518248175182 0.129882666666667 7.18050541516245 2014 0.728035985428173 28.5912691752116 4 2.33332741394238 -0.237368529031886 -0.127616674578358 0.543214953297709 "08"
"2014-08-30" 5.41194649857448 306.70802919708 0.119561333333333 6.72202166064982 2014 0.726285312561696 26.9707930428641 4 2.35515178513863 -0.298496352750481 -0.0555754756974616 0.528898859200365 "08"
"2014-08-31" 5.43444293478261 303.313868613139 0.0185586666666667 14.9169675090253 2014 0.720796748648962 27.1149199955047 4 2.00373029623541 -0.753640266600103 0.497402009514948 0.169677850509988 "08"
"2014-09-03" 4.89636604597291 294.540145985401 0.0366473333333333 14.4801444043321 2014 0.70770412412749 25.6747613634382 4 1.62234805091902 -0.626438027378039 0.326653339037787 0.427733358202807 "09"
"2014-09-05" 5.01068580719886 286.390510948905 0.034236 26.7184115523466 2014 0.693427643885007 26.7317453717429 4 1.23173879027413 -0.592923814234622 0.293707832009963 -0.0790102994702093 "09"
"2014-09-09" 5.02752472380613 286.930656934307 0.0271076666666667 12.5090252707581 2014 0.706057543030384 25.8753963652111 4 1.65788680021952 -0.697182842545354 0.40552653367794 0.501133145329384 "09"
"2014-09-12" 4.47982559693514 271.532846715328 0.132907333333333 28.0072202166065 2014 0.676798889694224 27.0595232040163 4 0.829975164841799 -0.0694507563931404 -0.354690141215965 0.173500814733364 "09"
"2014-09-28" 5.09661773877406 255.430656934307 0.0296363333333333 24.5740072202166 2014 0.688789284192744 24.4477772939773 4 1.06446400553514 -0.648709581895708 0.339841057110223 0.182723022887681 "09"
"2014-09-29" 4.81279512651461 249.251824817518 0.0208586666666667 27.8880866425993 2014 0.675817043819549 24.7612693120563 4 0.709181496590636 -0.654249303444234 0.338088335148399 0.16652977960445 "09"
"2014-10-03" 4.83658343727726 254.56204379562 0.0747856666666667 11.898916967509 2014 0.705926825883958 26.4777772086007 4 1.39094154236844 -0.469127714862236 0.111309076938954 0.853952000268438 "10"
"2015-02-25" 5.1306717180695 232.948905109489 0.068188 16.4043321299639 2015 0.691195863365567 17.4588884474739 4 1.18117854237601 -0.963646899766729 -0.216674556455454 0.663347566212961 "02"
"2015-02-26" 5.10862923295707 230.868613138686 0.042409 18.086642599278 2015 0.680534080029476 17.8682534959581 4 1.02028518572436 -1.07966194732198 -0.081636646636774 0.57977694261795 "02"
"2015-02-28" 5.08588125499956 244.014598540146 0.0339305 19.5848375451264 2015 0.709981401548185 18.2063487976316 4 1.24662280158279 -1.106202747109 -0.0271066301805553 0.518144319376485 "02"
"2015-03-04" 5.0577893076171 243.01094890511 0.081695 23.0397111913357 2015 0.689293428965724 18.7557139472356 4 1.0617854722643 -0.854806326830737 -0.334399434907949 0.357891472721407 "03"
"2015-03-05" 5.11957270464848 256.14598540146 0.0788085 11.9783393501805 2015 0.722039028627637 20.7628567105248 4 1.65813073794975 -0.921491613021059 -0.246485598698591 0.766715443609416 "03"
"2015-03-06" 5.00797151364323 255.773722627737 0.1564065 15.4837545126354 2015 0.716553484984619 20.7860313294426 4 1.5631025161566 -0.518136711272102 -0.729492370359263 0.688888978226383 "03"
"2015-03-09" 5.2345458181495 260.20802919708 0.113756 21.4801444043321 2015 0.715858689296965 19.9480947918362 4 1.51342490744776 -0.713529427661944 -0.482003921006542 0.315640423218147 "03"
"2015-03-10" 4.94586036796729 252.127737226277 0.051117 35.971119133574 2015 0.689528675785063 21.3076185498919 4 0.73225239486213 -0.927417731135346 -0.225832755572751 -0.182177977898053 "03"
"2015-03-11" 5.09473602346458 268.649635036496 0.059859 21.4657039711191 2015 0.730417028226815 20.6949201614138 4 1.54255775800772 -0.959982686398355 -0.176852924054837 0.331418606997697 "03"
"2015-03-12" 5.44576037685539 273.605839416058 0.024332 4.63898916967509 2015 0.739590394231012 21.2493646107023 4 2.17622458411703 -1.24051636218376 0.147665653909551 0.830800314330834 "03"
"2015-03-14" 5.24696138121056 243.299270072993 0.014302 39.5595667870036 2015 0.650213682365678 17.1866662994264 4 0.441904389887898 -1.11749906923521 -0.01239748267887 -0.505760618008404 "03"
"2015-03-15" 5.56386099013421 275.200729927007 0.030773 12.2563176895307 2015 0.731364469655146 18.4411108683026 4 2.01746666442294 -1.18157203027637 0.0859840221483722 0.453333766225711 "03"
"2015-03-16" 5.63652119811572 284.193430656934 0.018233 10.3862815884477 2015 0.751099236206912 18.2947614912003 4 2.27549559439021 -1.25374986629757 0.184977403341813 0.486379113241594 "03"
"2015-03-17" 5.02028708559239 251.171532846715 0.008791 46.8158844765343 2015 0.66021150164947 19.30380899944 4 0.271393417941127 -1.08680068784415 -0.0330775078512922 -0.731613191883463 "03"
"2015-03-27" 5.60017442893965 262.613138686131 0.011143 32.3971119133574 2015 0.656220041690723 18.8284122527592 4 0.963427516199234 -1.1870832609401 0.0788010118644043 -0.48746839840866 "03"
"2015-03-30" 5.67044040529731 306.105839416058 0.009888 33.8483754512635 2015 0.754462128344193 21.6207932820396 4 1.90113650752907 -1.17372878306706 0.135262569187853 -0.598094585018215 "03"
"2015-03-31" 5.73496244778242 298.613138686131 0.014915 36.8447653429603 2015 0.732741270094473 20.2136502947126 4 1.67385618160134 -1.14338487044371 0.0895827753759512 -0.748185886765311 "03"
"2015-04-03" 5.45510954581815 302.113138686131 0.054265 27.0072202166065 2015 0.731869949530932 20.0279360725766 4 1.83452628076354 -0.97370252975222 -0.12950690706863 -0.268064260618381 "04"
"2015-04-10" 5.41375766598525 276.485401459854 0.020528 31.6389891696751 2015 0.651704402199259 18.5623805636451 4 0.973188001159741 -1.12195018319016 0.00267748150282188 -0.496955223237761 "04"
"2015-04-11" 5.73249044529375 284.945255474453 0.021975 30.6823104693141 2015 0.669220518928338 19.4728566729833 4 1.32665533533839 -1.14271975099715 0.0430369996748507 -0.592485493253539 "04"
"2015-04-13" 4.42035707937072 269.620437956204 0.022274 31.5198555956679 2015 0.628801231020664 19.3938090914772 4 0.295767935311492 -1.03283695809439 -0.131233197723275 -0.1240616691865 "04"
"2015-04-15" 4.66014132077149 288.704379562044 0.02052 33.7148014440433 2015 0.668791647604061 20.1538091235691 4 0.751259997423339 -1.04286708595337 -0.0841007793029498 -0.324359798867984 "04"
"2015-04-16" 5.19632143809439 284.507299270073 0.024311 42.9386281588448 2015 0.656924394499447 19.5793646100968 4 0.690652650107302 -1.02724683166287 -0.0912134483839424 -0.896310035009278 "04"
"2015-04-17" 5.69416607412674 289.653284671533 0.022752 37.5776173285199 2015 0.666676840081892 20.4439677889385 4 1.16133335428695 -1.10018343376438 0.00242323348280344 -0.889062269355389 "04"
"2015-04-19" 5.61806172784641 277.091240875912 0.015092 43.6714801444043 2015 0.633840470122107 19.0453963204036 4 0.669953541390257 -1.10699477483144 -0.00413536235062903 -1.10652789725053 "04"
"2015-04-21" 5.12336125677718 274.901459854015 0.020647 48.2851985559567 2015 0.625134447319187 19.4569837176611 4 0.251240315119247 -1.01697953118458 -0.117159416994454 -1.10278253895343 "04"
"2015-04-22" 5.85244644920452 320.007299270073 0.020414 30.14440433213 2015 0.725637767056096 19.6192059289841 4 2.01016157816011 -1.14715082850069 0.0945104135415944 -0.70746047977988 "04"
"2015-04-23" 5.99391720735935 333.594890510949 0.017179 24.014440433213 2015 0.754348426722567 20.1195234571184 4 2.50448011020501 -1.19826600978713 0.169914244040129 -0.53789181957756 "04"
"2015-04-24" 5.85032997066927 332.248175182482 0.018147 23.913357400722 2015 0.749266894430677 21.2542852068704 4 2.39554277662288 -1.18241696549462 0.145860210820952 -0.483116481459093 "04"
"2015-04-26" 5.24758354812906 327.799270072993 0.022589 24.3826714801444 2015 0.735376500227473 21.8092058423966 4 1.97300495260653 -1.10946600479056 0.0425667481710671 -0.274661418343707 "04"
"2015-04-28" 5.90267531774953 322.379562043796 0.023821 44.3140794223827 2015 0.719629233038246 21.3887296858288 4 1.67713118649114 -1.06559189573282 0.0153765872990561 -1.31511483188818 "04"
"2015-04-29" 5.63484912452227 321.197080291971 0.060313 30.5198555956679 2015 0.715276313836312 21.4892058296809 4 1.87951416098259 -0.93202075679643 -0.169888039352277 -0.662063272589157 "04"
"2015-04-30" 6.02183139276509 341.704379562044 0.051524 10.4332129963899 2015 0.759173155762631 22.480793029543 4 2.97057362197786 -1.09460921397888 0.0338363520481288 -0.0494831150103236 "04"
"2015-05-01" 6.04020753710781 340.653284671533 0.025161 6.45848375451264 2015 0.75512303667143 23.0330153873989 4 3.01420353609063 -1.24366485334637 0.204842920155244 0.0844401000914469 "05"
"2015-05-02" 5.82249911119012 344.85401459854 0.016342 8.83754512635379 2015 0.762749223348667 25.1850786965991 4 2.91998456907961 -1.25492869046448 0.224760136026218 0.064438444103105 "05"
"2015-05-03" 5.22156919384944 311.138686131387 0.043118 58.0758122743682 2015 0.686701614265123 24.3134916396368 4 0.742131829560645 -0.853005674639458 -0.250573724685968 -1.59740397125409 "05"
"2015-05-04" 5.16823504577371 306.839416058394 0.036279 42.2815884476534 2015 0.675800789281624 24.1812693580749 4 0.9881243644726 -0.959027835257357 -0.153369177435588 -0.962534119211974 "05"
"2015-05-06" 5.91260221313661 346.642335766423 0.048528 8.02166064981949 2015 0.76041860658214 22.585396357945 4 3.01589737619925 -1.10896736093413 0.0496023347118816 0.0536179261466376 "05"
"2015-05-07" 5.43723335703493 339.047445255474 0.0665385 10.8086642599278 2015 0.742337009793529 24.4204756418864 4 2.56478946641602 -0.971193367058822 -0.130291118839954 0.137736566094592 "05"
"2015-05-08" 5.99520598169052 343.032846715328 0.057807 8.66787003610108 2015 0.749670802468491 23.5301581488715 4 2.95623092543113 -1.06916677944415 -0.00319139715004486 -0.00572785342315474 "05"
"2015-05-09" 6.10574615589725 342.536496350365 0.0469065 9.36462093862816 2015 0.747240575744069 24.4407929920015 4 2.96325960468281 -1.12829228756587 0.0686450556522648 -0.0836243897549171 "05"
"2015-05-18" 5.52605323971203 313.733576642336 0.0915625 45.101083032491 2015 0.675049081196725 23.4303168644981 4 1.19951049716965 -0.70341669149583 -0.448144045242682 -1.24331516152996 "05"
"2015-05-19" 5.46951937605546 286.883211678832 0.0706915 39.3826714801444 2015 0.616491131422657 22.1474597870357 4 0.720622522077369 -0.838899527902764 -0.336270634507923 -0.983322053173292 "05"
"2015-05-20" 5.88058283708115 323.875912408759 0.0994635 34.3898916967509 2015 0.69513479295796 20.8666661883157 4 1.84036160086361 -0.741706574838538 -0.397692758706952 -0.973433484157611 "05"
"2015-05-21" 6.07040485290196 334.412408759124 0.064939 32.3068592057762 2015 0.71690647289413 21.555078930325 4 2.16209169665653 -0.930917035823756 -0.155400644229886 -0.991142198464946 "05"
"2015-05-22" 5.58393698337925 319.098540145985 0.0630835 32.8592057761733 2015 0.683306382308077 21.070475775098 4 1.58381793220583 -0.902798456687846 -0.218479557922555 -0.81254381553738 "05"
"2015-05-23" 5.25928250822149 314.339416058394 0.07576 38.3718411552347 2015 0.672388983671198 21.195237644135 4 1.20154014974965 -0.789460301167721 -0.358525250642691 -0.894987852985749 "05"
"2015-05-24" 5.20136543418363 305.109489051095 0.0479795 39.3104693140794 2015 0.651971847437196 21.2971423315623 4 0.924808601722685 -0.919038673445274 -0.21713642637236 -0.912985965782389 "05"
"2015-05-26" 5.29341280775042 289.514598540146 0.053221 35.5740072202166 2015 0.617456346023704 21.0850788298107 4 0.732896187928052 -0.925834665592382 -0.237617739769127 -0.789083859057871 "05"
"2015-05-29" 5.79817905075105 339.726277372263 0.043926 25.0216606498195 2015 0.722695163579417 21.9465074841938 4 2.25723209408341 -1.04239233224663 -0.0296156949248206 -0.630273774502858 "05"
"2015-05-30" 5.86649520042663 338.324817518248 0.0397436666666667 32.4801444043321 2015 0.719164151797921 22.3558726840549 4 2.07445975404577 -1.03340221545594 -0.0316487178413486 -0.950336637537902 "05"
"2015-05-31" 5.985045773709 348.138686131387 0.031616 20.0685920577617 2015 0.739491725271212 22.5104756430974 4 2.62279866871099 -1.13800106080689 0.0929503318075813 -0.525368585398076 "05"
"2015-06-01" 5.93852768642787 333.78102189781 0.0230246666666667 24.6534296028881 2015 0.708513318971628 22.3596819620284 4 2.17981176417067 -1.16006402114279 0.10286968460191 -0.676965946867874 "06"
"2015-06-02" 5.00756599413385 289.251824817518 0.024353 36.8592057761733 2015 0.613601092223469 22.5453963204036 4 0.505288943793251 -1.03585548662681 -0.109440499345392 -0.748988893362152 "06"
"2015-06-03" 5.78847435783486 331.71897810219 0.0520323333333333 25.1949458483755 2015 0.703269973946736 23.9623804546538 4 2.07538960310058 -1.00468492270599 -0.0881545612028702 -0.629370244575187 "06"
"2015-06-04" 5.69603257488223 318.189781021898 0.079791 23.2057761732852 2015 0.67421381278126 22.4522217341832 4 1.82425261585935 -0.877286568750093 -0.265769173593303 -0.492518860119224 "06"
"2015-06-07" 5.18293929428495 290.237226277372 0.135148666666667 36.3465703971119 2015 0.614114483102357 22.7811105818976 4 0.730226641981431 -0.514118815821127 -0.732815590056465 -0.760449331306855 "06"
"2015-06-08" 4.65085325748822 309.372262773723 0.112574 47.5054151624549 2015 0.654345741842251 22.8430153680226 4 0.571824921662099 -0.517365026680293 -0.690947950763414 -1.01943046842978 "06"
"2015-06-09" 4.64000422184695 311.704379562044 0.057362 50.2310469314079 2015 0.659045839116839 22.4068248082721 4 0.489882403497971 -0.770746838647361 -0.38001300178958 -1.14595884417897 "06"
"2015-06-15" 5.71509754688472 314.770072992701 0.03337 34.3285198555957 2015 0.664660452741485 21.8787295931862 4 1.43211469984061 -1.05270506669131 -0.0461404489752397 -0.956029683430062 "06"
"2015-06-16" 5.33485356857168 298.861313868613 0.036575 39.4187725631769 2015 0.631014813636055 22.5350788358658 4 0.797492043021157 -0.987564054972704 -0.146356680132116 -0.989983902292055 "06"
"2015-06-17" 5.90583614789796 341.036496350365 0.0438055 28.1263537906137 2015 0.720029783410589 23.0249201456706 4 2.22801149839065 -1.03641847997869 -0.0316871219996838 -0.811054161455727 "06"
"2015-06-18" 5.95508177050929 344.609489051095 0.038148 22.3068592057762 2015 0.727566713039881 23.8506345294771 4 2.45993328204777 -1.09435291916777 0.0358248781608593 -0.608442956181532 "06"
"2015-06-19" 5.9131854946227 354.127737226277 0.04272 15.1913357400722 2015 0.747683337864276 23.7788883390881 4 2.81209904954932 -1.09852111642882 0.0450463130434738 -0.321977329282152 "06"
"2015-06-20" 5.94572704648476 358.14598540146 0.074003 14.4043321299639 2015 0.756216502401555 24.3538089631096 4 2.96313483072794 -0.951259813739117 -0.126046183507516 -0.295930816825681 "06"
"2015-06-23" 5.25384410274642 337.996350364964 0.0229705 17.4368231046931 2015 0.713969218660919 23.9330155206105 4 2.08288709258853 -1.13511581888981 0.0592497824406773 -0.143693204008041 "06"
"2015-06-24" 5.80369522709093 348.576642335766 0.029965 16.8628158844765 2015 0.73647555586044 24.2374596671453 4 2.59336363261104 -1.14569758979104 0.094300244767251 -0.342432059281335 "06"
"2015-06-25" 5.72519664918674 342.598540145985 0.0322985 20.9494584837545 2015 0.724026037741378 23.9104755946568 4 2.33660696479709 -1.11077772017471 0.0480212312132057 -0.464191619893031 "06"
"2015-06-26" 5.59883010399076 328.394160583942 0.023635 29.5523465703971 2015 0.694206664732165 24.9499993702722 4 1.76624505600049 -1.10721660933672 0.0323941505100548 -0.739659149261272 "06"
"2015-06-27" 5.56752733090392 324.321167883212 0.056685 33.1660649819495 2015 0.685818815868668 25.2657136462984 4 1.61582687078336 -0.928432207223874 -0.183526258555374 -0.851391291115226 "06"
"2015-06-28" 5.73537352235357 350.905109489051 0.14159 10.5198555956679 2015 0.742302015490086 26.730951702784 4 2.88325773607091 -0.626777480806123 -0.533583750534483 -0.0250042154301151 "06"
"2015-07-01" 5.76253221935828 340.445255474453 0.035867 16.1949458483755 2015 0.721117060642558 24.9869834960453 4 2.43879590857712 -1.12031086595056 0.0508225248404669 -0.284248641520121 "07"
"2015-07-03" 5.76738734334726 340.806569343066 0.03514375 15.0397111913357 2015 0.722646968296927 25.1787296174065 4 2.48050527730139 -1.12963594744754 0.0613822677631512 -0.239317209894929 "07"
"2015-07-04" 5.9647809083637 352.215328467153 0.02911025 7.22743682310469 2015 0.747275904753391 25.5392057327997 4 2.99799684243499 -1.20807213516631 0.164830850763939 -0.022907695959276 "07"
"2015-07-05" 5.89099857790419 340.554744525547 0.04509475 11.7833935018051 2015 0.722987340195096 25.9236502571711 4 2.63013622776557 -1.10741219121257 0.03180381904171 -0.153270528795858 "07"
"2015-07-16" 5.57787641098569 343.029197080292 0.110664 12.1516245487365 2015 0.735157273150615 26.851110458374 4 2.63152948512311 -0.759794696726194 -0.381396124768502 -0.00308077594883671 "07"
"2015-07-17" 5.63527686427873 346.755474452555 0.098506 7.14079422382672 2015 0.743963414266439 27.6536502232627 4 2.85033749362242 -0.846119167420676 -0.277942393484756 0.164915682177569 "07"
"2015-07-18" 5.65104768465025 340.660583941606 0.083592 9.7870036101083 2015 0.731724473473781 26.3426979609898 4 2.65682422494249 -0.909933219584466 -0.206601058668949 0.0578239657191428 "07"
"2015-07-19" 5.57507110479069 317.116788321168 0.0412533333333333 21.1335740072202 2015 0.681963166300207 26.1288882664272 4 1.8154631156467 -1.065182820408 -0.0417721760808031 -0.348296407099407 "07"
"2015-07-20" 5.47185805706159 327.244525547445 0.0272775 18.6750902527076 2015 0.704610004259337 26.5580946907165 4 2.026615887756 -1.13185161833052 0.0495811377059654 -0.224185190491043 "07"
"2015-07-24" 5.62509443605013 340.485401459854 0.0832683333333333 5.55595667870036 2015 0.737064162510905 28.2776182568262 4 2.7779336981768 -0.92986566755997 -0.186457575115251 0.25043289751091 "07"
"2015-07-25" 5.49586147897965 316.605839416058 0.0167626666666667 23.057761732852 2015 0.686368329313389 26.2196818760463 4 1.72878385528821 -1.16878708758058 0.0859246418290011 -0.38529833975267 "07"
"2015-07-26" 5.6723457914852 332.923357664234 0.0288705 13.6498194945848 2015 0.722826560461319 26.1553961738708 4 2.40411866844037 -1.16286822682265 0.0939558445253118 -0.0921933767987124 "07"
"2015-07-27" 5.72294684916896 335.478102189781 0.0201426666666667 11.913357400722 2015 0.729500789768784 26.5792058006166 4 2.52241723909162 -1.21681248368428 0.161387981269161 -0.0460828985008248 "07"
"2015-07-28" 5.64694249400053 333.01094890511 0.0350675 15.115523465704 2015 0.725291044002803 26.8998407333616 4 2.37913925257005 -1.12365972977404 0.0498516983207425 -0.130606164831853 "07"
"2015-07-29" 5.33094836014577 299.762773722628 0.023192 22.6534296028881 2015 0.653949794375684 26.2326979258704 4 1.33612384985636 -1.13294594740044 0.0160168231463212 -0.276177953376214 "07"
"2015-07-30" 5.50953804106302 317.182481751825 0.022245 18.0541516245487 2015 0.69312208686396 25.9784120529417 4 1.90842854167418 -1.16720642612827 0.0807687465433361 -0.176934958741856 "07"
"2015-07-31" 4.73426806506088 293.014598540146 0.0248983333333333 27.8916967509025 2015 0.641423413052709 26.3193644569034 4 0.790819328372979 -1.05225925213376 -0.0904862047037323 -0.236740304781471 "07"
"2015-08-03" 5.47454115189761 315.083941605839 0.07907 21.5234657039711 2015 0.693547592029489 26.9446025727287 4 1.85475577548379 -0.872599303531533 -0.269080932241042 -0.26075119380061 "08"
"2015-08-04" 5.41279664029864 321.875912408759 0.08490475 21.0469314079422 2015 0.709872885542761 27.3679357861716 4 1.99497826075195 -0.838473726744225 -0.300103785190578 -0.21708263522305 "08"
"2015-08-05" 4.58058728113057 299.514598540146 0.0483116666666667 43.4801444043321 2015 0.661872919211587 27.2409517802889 4 0.542109561233269 -0.848468568753299 -0.302131938969257 -0.764613510689727 "08"
"2015-08-06" 5.10802373122389 297.368613138686 0.07399725 27.1480144404332 2015 0.658474399403565 27.7653962392656 4 1.18308359241419 -0.847173078476262 -0.322408264488176 -0.315101056856679 "08"
"2015-08-15" 5.42266243000622 302.748175182482 0.118906 20.129963898917 2015 0.684494466334457 25.1187296670581 4 1.75699651507437 -0.687313058502241 -0.504742802932403 -0.107531263478777 "08"
"2015-08-16" 5.1323160163541 274.419708029197 0.0292325 30.9458483754513 2015 0.622058222213151 25.5590470631917 4 0.658505400417917 -1.05902351369756 -0.092295978676882 -0.430440462884994 "08"
"2015-08-17" 5.09143076171007 267.434306569343 0.0222445 37.5234657039711 2015 0.6078347918424 25.5369835808164 4 0.331945360125246 -1.06112017550445 -0.0916505960435039 -0.665676593452033 "08"
"2015-08-18" 4.87765531952715 272.467153284672 0.010672 35.6425992779783 2015 0.620956103139466 25.2539676635984 4 0.379998881804412 -1.1062667042168 -0.0339114484665611 -0.511377667556028 "08"
"2015-08-22" 5.27470335970136 295.85401459854 0.037746 45.7942238267148 2015 0.682021664667473 26.062221557375 4 0.916247865795167 -0.95007494416439 -0.160921197450575 -1.04169208211452 "08"
"2015-08-23" 5.54895675939916 303.003649635036 0.02220575 24.3718411552347 2015 0.700613270280633 25.4449200705876 4 1.71929318626881 -1.14822642903025 0.0631046654049879 -0.313189182342441 "08"
"2015-08-24" 5.47373566794063 286.503649635036 0.0383175 22.9386281588448 2015 0.664503711474454 25.5552376338414 4 1.38468637926562 -1.07747392431376 -0.0505146195938243 -0.208439771054827 "08"
"2015-08-25" 5.42676762065594 301.956204379562 0.032477 17.0830324909747 2015 0.702546586750565 26.1585708799816 4 1.84991686181963 -1.12347526521335 0.022166816042489 0.0366431606777946 "08"
"2015-08-26" 5.1023686783397 291.759124087591 0.02832775 21.2021660649819 2015 0.680999672515597 26.1807930961488 4 1.37661285212555 -1.10097406183389 -0.01879976470164 0.0103785368641788 "08"
"2015-08-27" 5.34780241756288 286.452554744526 0.04636925 24.3249097472924 2015 0.670801471818715 26.2342850215851 4 1.33747561418613 -1.02138804457838 -0.114499176169728 -0.191604830667499 "08"
"2015-08-28" 4.77684761354546 284.474452554745 0.03282775 26.3790613718412 2015 0.668391905658939 26.5473010048034 4 0.964223792786394 -1.03015051652674 -0.110495179284986 -0.0482475686365745 "08"
"2015-08-29" 4.08569793796107 279.306569343066 0.0343525 31.971119133574 2015 0.658481539227421 27.0957136305552 4 0.39201214575296 -0.939975687794943 -0.226988133846885 0.0101521720065057 "08"
"2015-08-30" 4.28625233312594 287.78102189781 0.032796 15.3610108303249 2015 0.680812088441095 26.8109518081423 4 1.09122704068272 -1.04041062428582 -0.111939615946126 0.585791237819034 "08"
"2015-08-31" 4.66209114745356 273.463503649635 0.077531 38.5992779783394 2015 0.649225272175857 27.3899992988223 4 0.459257225625323 -0.749695498449404 -0.446287002539379 -0.441040363454119 "08"
"2015-09-01" 5.06564416496311 293.42700729927 0.08421175 19.8736462093863 2015 0.699126080055759 27.5219041733515 4 1.57589751364616 -0.832529849805329 -0.333584203007328 0.139629683952314 "09"
"2015-09-02" 5.12960514620923 289.142335766423 0.05806 20.1696750902527 2015 0.691440909039323 26.6355548737541 4 1.49276882171144 -0.965514463657471 -0.178827870112047 0.101772173653461 "09"
"2015-09-03" 4.37689427606435 278.945255474453 0.036072 25.9819494584838 2015 0.669543910930733 25.9990470522926 4 0.747834664444827 -0.985476491498804 -0.172058914101318 0.167639885834042 "09"
"2015-09-04" 4.82153808550351 281.175182481752 0.026432 19.9891696750903 2015 0.67745840684665 25.806031121148 4 1.1661663611806 -1.09766169918671 -0.0353320964392761 0.233048109896091 "09"
"2015-09-05" 5.14705359523598 296.558394160584 0.019636 11.014440433213 2015 0.717282812428711 26.9120628417484 4 1.89876745029258 -1.19474956535851 0.0997585343971577 0.461040416561285 "09"
"2015-09-10" 4.93821660296862 277.069343065693 0.03776175 33.9314079422383 2015 0.68387975440081 26.0952377016582 4 0.910576555826869 -0.988197233569589 -0.145067223478018 -0.304025753270657 "09"
"2015-09-20" 5.17887298906764 255.481751824818 0.054918 22.3501805054152 2015 0.66005895552408 25.2819042811318 4 1.01628850043978 -0.990705689833412 -0.177879918348045 0.149305411200948 "09"
"2015-09-23" 4.66045795929251 264.832116788321 0.0744646666666667 39.8736462093863 2015 0.694566892087094 27.4907929859464 4 0.6478894223714 -0.764810810060582 -0.409781834968356 -0.293227259782425 "09"
"2016-02-23" 4.84447226715713 218.609489051095 0.043656 30.5776173285199 2016 0.658452059759069 17.3071424166362 4 0.375130310907055 -1.44560166752049 -0.55816241005242 0.206049405243575 "02"
"2016-03-13" 5.36175681964234 252.244525547445 0.0524516666666667 41.3393501805054 2016 0.675133420813476 19.7266660115076 4 0.731115421296877 -1.37822702646091 -0.591638658067724 -0.608931588136132 "03"
"2016-03-14" 4.72444988587763 261.441605839416 0.0496973333333333 24.7292418772563 2016 0.695832404173639 19.0103170152694 4 1.01323451904678 -1.4133660072457 -0.56574858870188 0.28121127657449 "03"
"2016-03-15" 5.2836273184568 275.919708029197 0.0574483333333333 9.40794223826715 2016 0.730305686291452 19.0087297530401 4 1.9877841367191 -1.49004525679795 -0.463978357761746 0.663007889466411 "03"
"2016-03-18" 5.19409112061515 271.01094890511 0.0565456666666667 32.8050541516245 2016 0.705777407383581 19.5793645646837 4 1.18950115883704 -1.37652677014091 -0.583057412800519 -0.254757018632572 "03"
"2016-03-26" 5.34417865136171 283.543795620438 0.0515643333333333 56.1263537906137 2016 0.709430396281301 18.6257138479324 4 0.812127065777418 -1.29552817665658 -0.63760719003793 -1.30795382634552 "03"
"2016-03-27" 5.70875529062424 291.357664233577 0.0377806666666667 26.2815884476534 2016 0.725582465965166 18.7017456387717 4 1.85322840264287 -1.53257626612958 -0.378234954934046 -0.296541558453362 "03"
"2016-03-28" 5.27551687459836 264.390510948905 0.0435443333333333 34.2166064981949 2016 0.655404348769267 19.4344440187727 4 0.815039924287422 -1.44112262074988 -0.529855562492852 -0.44797175682922 "03"
"2016-04-04" 4.57971391849669 269.390510948905 0.040876 39.5306859205776 2016 0.648001818845843 19.6290471515958 4 0.333175995048396 -1.36707386850124 -0.620792717866007 -0.4455018925978 "04"
"2016-04-08" 5.83029561016686 282.368613138686 0.088197 38.6209386281588 2016 0.668731317904243 19.4507932662964 4 1.24392784261251 -1.24104528886519 -0.740794688103964 -0.91049158907303 "04"
"2016-04-09" 5.91690672989563 299.167883211679 0.0564035 23.057761732852 2016 0.705895149654708 19.3612693604969 4 1.98513029634075 -1.47012144761868 -0.460011420100978 -0.359931871445233 "04"
"2016-04-14" 4.96695437321338 302.222627737226 0.069808 46.4368231046931 2016 0.70076513302238 20.6792059247456 4 0.961323820504925 -1.21126376595498 -0.750757961551475 -0.938261252235368 "04"
"2016-04-15" 4.4603009284907 307.175182481752 0.0380683333333333 22.6606498194946 2016 0.709918480467153 21.803650326199 4 1.3453340265779 -1.43427303346549 -0.515564638364047 0.167136074134765 "04"
"2016-04-16" 4.84995678861879 277.653284671533 0.040306 36.0108303249097 2016 0.639635387710243 20.578888333033 4 0.557371749064765 -1.4048025224551 -0.576507075394378 -0.49833734153159 "04"
"2016-04-17" 4.97816717264609 280.259124087591 0.0701573333333333 41.7581227436823 2016 0.643616221243277 20.4815868044656 4 0.557614300057366 -1.24186972889021 -0.7590648887442 -0.768732179659131 "04"
"2016-04-21" 5.01171139229286 285.86496350365 0.0645576666666667 45.3790613718412 2016 0.648748188907213 20.2187297760494 4 0.554644069467076 -1.25190310472171 -0.736177094566535 -0.951287223991567 "04"
"2016-04-22" 5.55589779954351 315.711678832117 0.0537476666666667 34.6317689530686 2016 0.714481697020498 21.5465075629098 4 1.70256104657319 -1.38899518868682 -0.532862310713028 -0.769159520227964 "04"
"2016-04-24" 5.55240210960179 304.463503649635 0.0487366666666667 38.7689530685921 2016 0.685318177583186 20.5649201983497 4 1.32943483246569 -1.39788393254802 -0.536291832891115 -0.935950511835538 "04"
"2016-04-25" 5.36659871030647 277.970802919708 0.05717 44.5703971119134 2016 0.624060907458714 22.0490471067883 4 0.526508962755569 -1.32466159377963 -0.661457730718505 -1.07584602669047 "04"
"2016-04-26" 5.7885079885656 322.919708029197 0.0506206666666667 33.2563176895307 2016 0.72313788128394 22.0642851572188 4 1.95391319791346 -1.42700511648065 -0.478321413818609 -0.833841261813389 "04"
"2016-04-27" 5.93737119684446 335.605839416058 0.0517836666666667 31.0505415162455 2016 0.749691413022888 22.3893646361336 4 2.34189314236908 -1.43898479111067 -0.445830373950728 -0.818765298503159 "04"
"2016-04-29" 5.15852482992443 298.715328467153 0.0493086666666667 39.4259927797834 2016 0.664118304810893 21.6812693277995 4 0.945031301036717 -1.36082512808044 -0.597806346085037 -0.8296007780078 "04"
"2016-05-14" 5.87546812329647 309.42700729927 0.048416 37.2454873646209 2016 0.668837161782205 20.0595233553932 4 1.45634906894695 -1.43068240021567 -0.500088485628498 -1.08725942215084 "05"
"2016-05-15" 5.63855895583575 297.514598540146 0.064019 52.2310469314079 2016 0.642164191487197 21.5088883657304 4 0.74046081305257 -1.26828379883145 -0.696032899069533 -1.56764431170289 "05"
"2016-05-18" 5.53470760298713 300.941605839416 0.0544996666666667 36.826714801444 2016 0.64696238978803 21.550316856021 4 1.10531212236643 -1.37785644129926 -0.583125007769322 -0.939302787378567 "05"
"2016-05-19" 5.65285195116006 299.127737226277 0.0496013333333333 41.4945848375451 2016 0.642267990052655 22.5417455037435 4 1.00293492115615 -1.39005553096687 -0.563750840362442 -1.17026956831541 "05"
"2016-05-21" 4.21446694883329 297.894160583942 0.0733486666666667 36.1913357400722 2016 0.638131600461316 21.6722217287336 4 0.414871151599134 -1.17913451090083 -0.844606804131426 -0.39894940145818 "05"
"2016-05-23" 5.68624105302812 337.07299270073 0.0459546666666667 21.4368231046931 2016 0.72051541785144 23.6188882191976 4 2.27014326128938 -1.49007806246358 -0.413900239191724 -0.445128279317097 "05"
"2016-05-24" 4.89000487513019 323.255474452555 0.036037 25.3971119133574 2016 0.690289088405897 22.9698406098381 4 1.48188466209408 -1.45808747068615 -0.478397346179558 -0.283613180085814 "05"
"2016-05-29" 5.90412059299311 328.28102189781 0.0393955 29.2454873646209 2016 0.697996208290726 21.8361900117662 4 1.97565852069951 -1.50661626641383 -0.395868864893494 -0.840218413761829 "05"
"2016-05-30" 5.84114831475613 312.171532846715 0.011862 36.7184115523466 2016 0.66325736628908 21.217935985989 4 1.39871646688256 -1.6062977152301 -0.291799974770589 -1.10397145884918 "05"
"2016-05-31" 6.00152347818379 344.996350364964 0.028718 20.5667870036101 2016 0.732492719899539 21.7090471812657 4 2.56131615969089 -1.60099041027856 -0.268261173125778 -0.562387466388705 "05"
"2016-06-01" 5.90116227535622 345.171532846715 0.0299803333333333 24.2563176895307 2016 0.732389552188581 23.0673010084364 4 2.42536441059453 -1.5686552482857 -0.303146698188023 -0.668858219121337 "06"
"2016-06-02" 6.10246637268154 351.813868613139 0.0241186666666667 9.06498194945848 2016 0.746030566345141 22.9503169286819 4 3.01799184871016 -1.68387598373304 -0.173466891466737 -0.163088763492239 "06"
"2016-06-03" 5.81187537394464 341.886861313869 0.017717 20.1913357400722 2016 0.724570304684708 23.5733327108716 4 2.39297432841717 -1.64153608134901 -0.227930432810888 -0.479115282634783 "06"
"2016-06-04" 5.52144503290713 334.671532846715 0.018484 25.072202166065 2016 0.708906775976861 23.9930152287559 4 1.98219210254474 -1.59306344118074 -0.294191770178477 -0.550806077215434 "06"
"2016-06-05" 5.70262813836506 336.277372262774 0.0193203333333333 37.4620938628159 2016 0.711963693308101 23.8558725629534 4 1.80513410826676 -1.54434128723593 -0.330926657930748 -1.10804384299676 "06"
"2016-06-06" 5.95809050014404 354.065693430657 0.0216463333333333 9.73285198555957 2016 0.749292440481383 24.9865074763222 4 2.96566343782208 -1.67948816861205 -0.176865807173701 -0.14091515513927 "06"
"2016-06-07" 5.99847098189554 355.686131386861 0.019641 12.870036101083 2016 0.752417755172413 25.816507460579 4 2.93956355859276 -1.67693195015552 -0.172749112005996 -0.282614585629101 "06"
"2016-06-08" 6.01028209276043 359.416058394161 0.0199526666666667 7.61371841155235 2016 0.760031055160719 26.673808839586 4 3.14748193644291 -1.69992664310098 -0.146704278856609 -0.0861518534572142 "06"
"2016-06-09" 6.0392614177765 355.970802919708 0.016675 6.5956678700361 2016 0.752500889743084 26.4655549791124 4 3.10990275867227 -1.72463993990489 -0.123508129050137 -0.0560085023361919 "06"
"2016-06-10" 5.23441620315997 290.85401459854 0.0209186666666667 34.8050541516245 2016 0.61467192132206 24.7899995228601 4 0.693509648537607 -1.52927276744019 -0.428711306809765 -0.778744356076131 "06"
"2016-06-11" 5.73570700467569 321.251824817518 0.0377743333333333 33.9205776173285 2016 0.678744561555019 23.5919042920309 4 1.60583696136865 -1.48077516248806 -0.435334325571007 -0.964160737293525 "06"
"2016-06-12" 5.931432401888 340.671532846715 0.0327396666666667 16.7472924187726 2016 0.719624128845247 24.6826978410993 4 2.50998179264342 -1.59549365374413 -0.289383139885177 -0.39089970053596 "06"
"2016-06-13" 5.42896159726993 314.273722627737 0.0283763333333333 27.5487364620939 2016 0.663748600258069 24.8703168838743 4 1.45287208050303 -1.53403287804399 -0.394919487392259 -0.593031947931007 "06"
"2016-06-14" 5.70714871363042 328.01094890511 0.034049 26.971119133574 2016 0.692669454421207 24.9368248894101 4 1.89250986567068 -1.52677280575644 -0.379952996241923 -0.690749993177379 "06"
"2016-06-15" 4.59441132802978 304.270072992701 0.0231146666666667 34.2418772563177 2016 0.642473870436254 23.8784122618418 4 0.669519400179878 -1.46151341058008 -0.498458632693352 -0.523050389278813 "06"
"2016-06-18" 5.97350809936402 311.554744525547 0.034209 33.1660649819495 2016 0.657815085273495 22.7955550844707 4 1.53353428016877 -1.52592214992001 -0.394322493389997 -1.01955696332334 "06"
"2016-06-19" 6.13505218605269 352.518248175182 0.031497 9.59927797833935 2016 0.744345369789951 24.3195232512459 4 3.02337205033119 -1.64777069364047 -0.216027608425501 -0.203993608779976 "06"
"2016-06-20" 5.95810711990604 353.64598540146 0.0218363333333333 9.69675090252708 2016 0.746794573162183 27.0695232815213 4 2.94787917991643 -1.67885018582222 -0.179079913568065 -0.143798557867942 "06"
"2016-06-21" 5.93008066124493 354.605839416058 0.10250525 13.9963898916968 2016 0.748917385085993 26.2412692478725 4 2.93579438683348 -1.26345477426549 -0.670090270490562 -0.271056086329241 "06"
"2016-06-30" 5.57978593746538 328.613138686131 0.07522475 28.9530685920578 2016 0.695979520764872 24.2652375357492 4 1.8509124978332 -1.30626092625048 -0.6413523276352 -0.697711953379227 "06"
"2016-07-01" 5.8169222416735 338.463503649635 0.030854 22.057761732852 2016 0.717199736401766 24.871269286625 4 2.29269538771782 -1.57065746554533 -0.315588748784986 -0.545931770536856 "07"
"2016-07-04" 5.07263943980322 297.485401459854 0.030828 34.4945848375451 2016 0.63145520719575 25.338094650753 4 0.786681084596903 -1.46621588090739 -0.495320356361487 -0.698663543652183 "07"
"2016-07-05" 5.51843685598422 328.777372262774 0.0213306666666667 29.4151624548736 2016 0.698331181723294 25.3447612580799 4 1.76928299383459 -1.56082815106806 -0.335027576350777 -0.7067238014447 "07"
"2016-07-07" 5.55082877213198 311.821167883212 0.0222063333333333 31.826714801444 2016 0.66325507888674 24.9768248361254 4 1.38222688819784 -1.55510356709582 -0.363770815886194 -0.79349559823251 "07"
"2016-07-08" 5.44613535134177 310.525547445255 0.018605 30.3249097472924 2016 0.661006007679865 25.2295232500349 4 1.3395164516584 -1.5715345360485 -0.349207926181703 -0.692711495466621 "07"
"2016-07-09" 5.71628958273318 342.839416058394 0.04514375 16.3682310469314 2016 0.730380142153832 27.5636501009502 4 2.51046160739749 -1.51820516817207 -0.379057834345796 -0.271726664448018 "07"
"2016-07-10" 5.63922374631595 348.660583941606 0.0497565 11.6353790613718 2016 0.743409994731922 27.4765073079911 4 2.71627624181817 -1.50943961023964 -0.387815051001878 -0.0588056206135386 "07"
"2016-07-11" 5.1584251113524 320.032846715328 0.0225366666666667 20.4693140794224 2016 0.682974930069501 25.020316774883 4 1.64797896248532 -1.57126626941727 -0.351304401848433 -0.198345163018275 "07"
"2016-07-12" 5.28556629069072 345.456204379562 0.118352 5.64981949458484 2016 0.737913321285438 27.1290469699436 4 2.70046874465333 -1.17627181734407 -0.804334132575264 0.345780073910079 "07"
"2016-07-17" 5.72108161411129 345.974452554745 0.0322275 8.90613718411552 2016 0.742907878428489 29.0774596986316 4 2.78079407605813 -1.61596438831909 -0.264508870185589 0.0276761891557406 "07"
"2016-07-18" 5.43113878609258 341.806569343066 0.060355 6.47292418772563 2016 0.734821480397693 28.7303168887184 4 2.64497675132295 -1.4682606246797 -0.45466103189637 0.252525058186931 "07"
"2016-07-23" 5.3334035056618 313.85401459854 0.1542685 18.0216606498195 2016 0.67915067565421 25.6092058060661 4 1.86129181361654 -0.960539747334094 -1.08996972649236 -0.0864284491993321 "07"
"2016-07-28" 5.43679504509495 321.416058394161 0.1400785 16.8483754512635 2016 0.700868616809297 26.7255549657912 4 2.11795942847846 -1.04082838692771 -0.979743192641511 -0.0768053738342399 "07"
"2016-07-29" 5.24990028142797 292.897810218978 0.11084975 39.3971119133574 2016 0.639753967710768 26.2206342182462 4 0.858465097501887 -1.07155403201428 -0.958157778186867 -0.870387574293049 "07"
"2016-08-01" 5.35572384603452 321.288321167883 0.14230575 16.4259927797834 2016 0.705509598996842 27.1842851790171 4 2.11908882357784 -1.02545047437219 -0.997670767812523 -0.0132282043390391 "08"
"2016-08-02" 5.54597580162652 324.777372262774 0.051875 13.826714801444 2016 0.714508650792774 27.2731740436857 4 2.26248137563158 -1.49200389265145 -0.433313364436138 -0.0186218578987081 "08"
"2016-08-07" 5.22962971170253 325.343065693431 0.039016 22.6064981949458 2016 0.723050041085454 27.6888880956741 4 1.94093862293746 -1.48591524015018 -0.428123750947367 -0.222884072511411 "08"
"2016-08-08" 5.01748398962927 311.003649635036 0.07734 34.7545126353791 2016 0.692695436180465 27.5587295956082 4 1.28818237273279 -1.22984920461255 -0.743037220116446 -0.586419217326914 "08"
"2016-08-13" 5.27176634830589 321.678832116788 0.0850885 16.9097472924188 2016 0.724950641983223 28.0382532392229 4 2.13201782324797 -1.29477395531073 -0.665756497857087 0.0336320741702645 "08"
"2016-08-14" 4.93161521927006 292.79197080292 0.0903146666666667 23.3032490974729 2016 0.661516169736878 26.5593644399492 4 1.20451675612698 -1.22244360806259 -0.793279327849722 -0.0596965880596357 "08"
"2016-08-15" 5.15191570456711 300.189781021898 0.137127 25.086642599278 2016 0.679982337561109 26.695872533889 4 1.48963261864099 -1.00192058093487 -1.03983422924331 -0.196304740684419 "08"
"2016-08-16" 5.07188047067166 298.229927007299 0.132799 21.4079422382671 2016 0.677327485411363 26.9522215525309 4 1.50315318211611 -1.03469919172266 -1.00891669463793 -0.0165659969088904 "08"
"2016-08-19" 5.34823387329093 318.576642335766 0.0886845 11.9602888086643 2016 0.729546469005015 27.0263486589704 4 2.29858155886352 -1.30922255828259 -0.653827899475713 0.235316208890462 "08"
"2016-08-20" 5.28954949365125 315.266423357664 0.1006055 14.1985559566787 2016 0.724045972179427 26.6360311356802 4 2.16948582477262 -1.23712198887085 -0.742295812216521 0.182960150321176 "08"
"2016-08-25" 5.08740332838434 295.678832116788 0.017253 27.3321299638989 2016 0.689536360560506 27.1787295265803 4 1.30566453480201 -1.5711147809115 -0.35294265666104 -0.243304971008921 "08"
"2016-08-31" 5.12963968355973 300.616788321168 0.1378585 9.82310469314079 2016 0.71554746286762 26.7836501106383 4 2.07428702659192 -1.07076305628517 -0.961720849626665 0.512342513490341 "08"
"2016-09-01" 5.22861590622022 290.456204379562 0.0835363333333333 17.7400722021661 2016 0.693883083213385 25.768094653175 4 1.66419646367306 -1.30964146064157 -0.678747860125792 0.153518743276734 "09"
"2016-09-02" 5.16920025705232 298.693430656934 0.065199 13.913357400722 2016 0.716210117223999 25.8630153111049 4 1.9092723131554 -1.40871467699586 -0.55104960079144 0.325382285092917 "09"
"2016-09-03" 5.01192190927826 299.167883211679 0.091121 15.1407942238267 2016 0.720058423337935 26.5061898912702 4 1.85761831563982 -1.26351254743696 -0.723375311746579 0.356262729753901 "09"
"2016-09-04" 4.82539832029605 294.197080291971 0.065786 22.3140794223827 2016 0.710817453485279 26.6714280143617 4 1.47233797393141 -1.33881148234303 -0.632523204324075 0.147322985422508 "09"
"2016-09-05" 5.05629113391096 301.167883211679 0.0495455 16.4693140794224 2016 0.730507073131936 26.7161899445549 4 1.88452721360934 -1.462374950339 -0.476535711464956 0.287693765646829 "09"
"2016-09-06" 5.10288186673167 300.996350364964 0.064683 7.24909747292419 2016 0.732997059212184 27.7065073649089 4 2.15937628877797 -1.43701030030357 -0.51803265364938 0.64467247724877 "09"
"2016-09-07" 5.2352859707049 298.36496350365 0.047456 7.93501805054152 2016 0.729530310528611 27.804920014881 4 2.14856056061824 -1.52984758108892 -0.407150696970507 0.568857216827496 "09"
"2016-09-08" 5.15633656126044 296.372262773723 0.0654493333333333 11.4837545126354 2016 0.727640643005063 27.5382532089476 4 2.01686107025485 -1.41972840476638 -0.537244543902792 0.476522354693417 "09"
"2016-09-09" 4.83419571431737 275.186131386861 0.0637006666666667 17.7581227436823 2016 0.678452175587139 26.6469834040082 4 1.24018509032952 -1.37998526165169 -0.614787198793462 0.364209064072464 "09"
"2016-09-10" 5.07297737496399 277.613138686131 0.035348 18.6281588447653 2016 0.68734614016241 25.8555548531669 4 1.38060847158726 -1.53288301836881 -0.421766454458909 0.235419742739629 "09"
"2016-09-11" 4.99624947370754 272.697080291971 0.029763 26.2166064981949 2016 0.678091463934761 25.8682534656827 4 1.06020380347226 -1.51944013538995 -0.435357366189964 -0.0252754821730053 "09"
"2016-09-13" 4.98289272497618 281.087591240876 0.108966 24.2382671480144 2016 0.705151983916904 26.2222216469901 4 1.416725953327 -1.13961985156012 -0.876481593492887 0.106566235698394 "09"
"2016-09-16" 4.99377312916879 254.729927007299 0.010428 29.14440433213 2016 0.647876898048153 24.8336501348586 4 0.645765235491948 -1.60726949600054 -0.349901586603052 -0.104535557426913 "09"
"2016-09-17" 4.8789970527622 256.525547445255 0.0555625 26.5451263537906 2016 0.655530015723015 24.6765074048723 4 0.760811862781675 -1.39004579658014 -0.610847904969099 0.068494208337963 "09"
"2016-09-19" 4.64126797704257 260.288321167883 0.095642 42.9602888086643 2016 0.671588915859821 24.8725391872345 4 0.420690418774987 -1.09545028568885 -0.93482820365553 -0.445769415562218 "09"
"2016-09-21" 4.8091718926585 244.890510948905 0.043442 27.2057761732852 2016 0.638152241141826 24.8896820734418 4 0.502927551006705 -1.44522154337284 -0.559080675154082 0.0986211115790618 "09"
"2016-09-22" 5.09219535976245 264.310218978102 0.0250873333333333 19.2527075812274 2016 0.692247565572573 24.9904754880875 4 1.29776853131788 -1.58852781540977 -0.358809007789493 0.31165244024764 "09"
"2016-09-23" 5.05678418685044 256.120437956204 0.0244733333333333 22.6028880866426 2016 0.674241621754992 24.8858724018884 4 1.02543718754336 -1.57600235217057 -0.382514771484243 0.200514338850235 "09"
"2016-09-24" 5.10841070755867 260.92700729927 0.020002 17.9747292418773 2016 0.690466633391445 24.9490469675215 4 1.29506941714264 -1.62240720909796 -0.322406876919841 0.372885331077337 "09"
"2016-09-25" 5.09774636027212 263.93795620438 0.021032 16.2707581227437 2016 0.702111571582317 25.0319042508564 4 1.42753045551553 -1.6235792673105 -0.316397045043222 0.456671513730775 "09"
"2016-09-26" 4.96838921266647 238.813868613139 0.00887 24.3321299638989 2016 0.638664055703459 25.2276185959104 4 0.572546501250577 -1.64360391452848 -0.326208517585796 0.182089938231039 "09"
"2016-09-27" 4.96934207902143 251.149635036496 0.0290376666666667 15.2346570397112 2016 0.675276894965502 25.5003169529022 4 1.13460479430595 -1.58430386368788 -0.386030377064269 0.563858700866221 "09"
"2016-09-28" 4.82644536530237 255.981751824818 0.0426516666666667 15.1985559566787 2016 0.692025686370764 25.8907929677812 4 1.22092136764612 -1.50445824010099 -0.473142505138975 0.640370631450494 "09"
"2016-10-11" 4.68057925410508 226.788321167883 0.019375 20.7220216606498 2016 0.661567374159108 24.0495232778882 4 0.585852348717713 -1.59277901437295 -0.391472897892093 0.595227049176793 "10"
