"Date" "pv" "ghidfm" "Mean" "cfcdfm" "Year" "Kt" "taxdfm" "km" "PC1" "PC2" "PC3" "PC4" "Month"
"2011-01-05" 3.48945964324946 173.868613138686 0.1117945 14.8592057761733 2011 0.69944676811542 20.7996821176438 11 0.0277860554823241 1.14243900217811 0.856435558966556 1.88339268040685 "01"
"2011-01-06" 3.45257493330543 175.868613138686 0.081221 6.74729241877256 2011 0.70514742948814 21.3752375557309 11 0.22333560072934 0.958972414513593 1.06852166944177 2.20564410637777 "01"
"2011-01-07" 3.5306468065073 175.474452554745 0.1007325 5.5884476534296 2011 0.701102462769897 20.3626979343475 11 0.281482559539478 1.04164492732 0.966649321372386 2.21895755150211 "01"
"2011-01-10" 3.19650703562274 170.784671532847 0.0352415 23.3285198555957 2011 0.674482478476289 19.1901583444505 11 -0.580068167040254 0.835041575033781 1.21969808245095 1.58491449284433 "01"
"2011-01-13" 3.6339187634043 173.178832116788 0.0536885 9.73646209386282 2011 0.674998116185329 20.0003169983152 11 0.00130128229832288 0.824046686319148 1.22110610703652 1.93782776489766 "01"
"2011-01-14" 3.65633990688916 176.098540145985 0.0768145 16.9638989169675 2011 0.683156791073702 19.549047167339 11 -0.0642611091847106 0.970276646259703 1.06143030337608 1.65816472316248 "01"
"2011-01-15" 3.63651462049485 169.817518248175 0.05705 11.158844765343 2011 0.655599401654041 19.4947614821177 11 -0.175306851170539 0.846046839025178 1.18580014697065 1.84934479123116 "01"
"2011-01-16" 3.74570408536904 182.609489051095 0.075308 9.15162454873646 2011 0.701467724815185 19.3087296107459 11 0.329198591551421 0.920674021060304 1.12334360999339 1.9352845752493 "01"
"2011-01-18" 3.53571428571429 169.700729927007 0.2352035 11.3935018050542 2011 0.645126260241688 19.6990472248622 11 -0.110630978782886 1.72192005098518 0.129590330300094 1.9168594871899 "01"
"2011-01-19" 3.59186195532772 176.569343065693 0.1325895 15.6389891696751 2011 0.66762021055572 18.6973011455839 11 -0.100278745985903 1.24137032861937 0.72667188080979 1.70656417249952 "01"
"2011-01-20" 3.62421535805827 180.525547445255 0.088643 16.1660649819495 2011 0.678816618407662 18.8098408456833 11 -0.0434229938300225 1.02915336491252 0.989673647676808 1.66099752430993 "01"
"2011-02-06" 4.3472302139457 207.897810218978 0.060727 18.5631768953069 2011 0.70211874239358 17.5079361143566 11 0.57198842714409 0.857212510113053 1.23391671308513 1.14493165864958 "02"
"2011-02-11" 4.34081576607208 206.660583941606 0.0475745 20.1913357400722 2011 0.674469114476885 18.200475647336 11 0.332124994204832 0.80215590556464 1.28845447499441 1.00548387918841 "02"
"2011-11-30" 3.95847282523409 175.686131386861 0.06621 10.9458483754513 2011 0.691277336026539 20.2428566614787 11 0.265733194355118 0.863917906155013 1.18802429322906 1.79945848496516 "11"
"2011-12-01" 3.8539977506931 180.883211678832 0.0528785 18.0974729241877 2011 0.714680080711674 20.3204757599604 11 0.214565596748836 0.843830469841505 1.23448040160933 1.58680119809114 "12"
"2011-12-02" 3.61272035361197 178.372262773723 0.177128 11.3935018050542 2011 0.707567715316473 20.1841265209137 11 0.324350845161908 1.43500452936131 0.50860510933146 1.98720214159715 "12"
"2011-12-15" 3.62862896898049 159.496350364963 0.018746 19.942238267148 2011 0.655070168003049 19.2365074460469 11 -0.509449444704369 0.697184861536926 1.37053050443857 1.56829355567071 "12"
"2011-12-16" 3.64390987079563 159.102189781022 0.078989 20.4296028880866 2011 0.654264672974988 18.9561901849414 11 -0.458491252218103 0.990847847451827 1.01866236730524 1.56675233620465 "12"
"2011-12-20" 3.68429931474604 159.704379562044 0.091201 20.0216606498195 2011 0.658571996077705 18.5034916817196 11 -0.384446276916483 1.04497235901231 0.956048897319127 1.58010105538607 "12"
"2011-12-21" 3.68090573834807 171.07299270073 0.0619185 7.01083032490975 2011 0.705553015838189 18.9952377289061 11 0.276146967155 0.844643610762886 1.20644293147259 2.13571500763516 "12"
"2011-12-22" 3.63429146832662 161.175182481752 0.051688 20.5126353790614 2011 0.664678093585248 19.2679360556224 11 -0.412834216905383 0.86000102371193 1.18156825621747 1.57264605680625 "12"
"2012-01-04" 3.33465118380625 170.080291970803 0.056831 34.6931407942238 2012 0.686848985771269 19.046189913674 11 -0.677216859093591 0.53319382291996 0.692203281067747 1.12480301678804 "01"
"2012-01-05" 3.38270377733598 173.733576642336 0.046768 9.69314079422383 2012 0.699446881825036 18.8774598893665 11 0.0431743284898868 0.36207385821815 0.871340485813741 2.09085908084104 "01"
"2012-01-09" 3.32034497560094 171.514598540146 0.065526 20.9783393501805 2012 0.680772464880597 19.9160313984704 11 -0.373298742728904 0.512099450486342 0.696287079740998 1.6414847491937 "01"
"2012-01-31" 3.89415778058919 194.43795620438 0.0615475 16.0397111913357 2012 0.684655980613751 17.3820630028134 11 0.215099816127086 0.432528739665054 0.806243358768769 1.45413198336213 "01"
"2012-02-01" 3.87067368516176 197.857664233577 0.0606005 15.7148014440433 2012 0.692145835076394 17.2826979652284 11 0.282787391144899 0.42981375468962 0.814117719808546 1.47283890682261 "02"
"2012-02-27" 4.41721263329116 222.71897810219 0.07696 23.9350180505415 2012 0.653485170457167 17.5533328737531 11 0.30814800590201 0.51713613451147 0.722853944444644 0.648316965430109 "02"
"2012-02-29" 3.59573242363998 227.200729927007 0.043268 27.5884476534296 2012 0.658059178269609 17.2668249947684 11 -0.156056984873357 0.442281057169776 0.811950616996571 0.792126394478406 "02"
"2012-03-01" 4.15695599132478 225.222627737226 0.0621685 24.3104693140794 2012 0.648167271778441 18.0042854339357 11 0.140742407879481 0.470526017812328 0.774861029041142 0.694812589806738 "03"
"2012-09-20" 3.33698377914332 248.401459854015 0.0445025 24.14440433213 2012 0.64396701894502 27.0382533300491 11 -0.132561148301311 0.465290068754368 0.78117747237412 0.830466561571855 "09"
"2012-10-24" 4.43386273269474 207.226277372263 0.030907 21.2996389891697 2012 0.657102417439941 25.6238089364672 11 0.240734598217455 0.271079307766273 1.00782055135899 0.851622470828145 "10"
"2012-11-24" 3.90918692391108 178.094890510949 0.0634213333333333 23.2238267148014 2012 0.68393677799966 22.6514280107286 11 -0.0725569759414134 0.466230984701607 0.766794518707287 1.28559491667708 "11"
"2012-12-16" 3.69022230254835 161.824817518248 0.0370473333333333 24.7256317689531 2012 0.665959295837928 19.9450788497925 11 -0.476481644032708 0.355992378614853 0.88110490248216 1.36742408529241 "12"
"2012-12-17" 3.8278115398518 162.200729927007 0.0433 15.7689530685921 2012 0.668082427069045 20.2458726035224 11 -0.170971628588299 0.33206044599682 0.900346935784912 1.67029769374738 "12"
"2012-12-18" 3.90440312669438 171.861313868613 0.0548116666666667 6.15884476534296 2012 0.708327932333176 22.1009518759591 11 0.434778646077032 0.338910309899204 0.903921400918516 2.06987575480311 "12"
"2012-12-22" 3.8434280679559 169.591240875912 0.0361683333333333 40.9061371841155 2012 0.699215671492634 22.9317454686241 11 -0.524211616577126 0.418773322520454 0.849904314721635 0.716903417193875 "12"
"2012-12-23" 3.89619103560455 172.43795620438 0.017809 3.73285198555957 2012 0.71061865333195 23.0301581488715 11 0.46897948835729 0.148366639860836 1.13034085144646 2.15643951314804 "12"
"2012-12-24" 3.54835758178204 164.375912408759 0.0860595 26.3537906137184 2012 0.676926207950343 21.5141265051705 11 -0.445804903883408 0.614809264559835 0.577749135968577 1.39143098641851 "12"
"2012-12-28" 3.86274399060184 171.419708029197 0.064282 7.69675090252708 2012 0.702431460698529 20.2326979864211 11 0.346813068811403 0.395827285964008 0.834266838385919 2.01518194976332 "12"
"2012-12-29" 3.88843642689319 172.35401459854 0.0510263333333333 6.4043321299639 2012 0.704998851498474 20.5826979137602 11 0.399652308410309 0.323432799402116 0.921322759274392 2.0515084482912 "12"
"2012-12-30" 3.93480028917405 170.102189781022 0.039803 14.4476534296029 2012 0.694397175940208 19.4753962774125 11 0.133763634217227 0.302710355866665 0.951673500451821 1.69958697067327 "12"
"2013-01-05" 3.7922631790206 172.065693430657 0.106695 11.4187725631769 2013 0.69101581627169 18.9715869237506 11 0.212541676936502 0.1779686889167 0.182445682975926 1.86219009312233 "01"
"2013-01-06" 3.77852667023459 168.558394160584 0.0533326666666667 17.6317689530686 2013 0.674617166604769 18.8055551619757 11 -0.128823965604085 -0.0516439665385754 0.456603608864064 1.5810553791752 "01"
"2013-01-07" 3.90682142538578 172.441605839416 0.053777 25.7148014440433 2013 0.687671779325846 19.8077771777198 11 -0.148825020345382 -0.0201991054674731 0.439896619523275 1.22571902672765 "01"
"2013-01-10" 4.11214432254036 178.587591240876 0.033496 9.72202166064982 2013 0.70375104426185 18.3522217917064 11 0.461693572582758 -0.210034382895084 0.65886965058227 1.76667289398846 "01"
"2013-01-11" 4.09409843011328 178.591240875912 0.0403873333333333 19.1263537906137 2013 0.700736872647514 19.0155552001227 11 0.214967559522017 -0.129927048885253 0.574166166955855 1.39948221972232 "01"
"2013-01-12" 4.01594973686558 177.777372262774 0.047003 32.9097472924188 2013 0.694428128300958 18.8039677937826 11 -0.193599578418563 -0.0254388737727971 0.463537923641386 0.880415681933597 "01"
"2013-01-13" 4.1131422263848 173.485401459854 0.0535406666666667 16.971119133574 2013 0.674529484922161 18.5495233535767 11 0.0868903605177588 -0.0794447452147236 0.495829953691945 1.44078620553243 "01"
"2013-01-14" 3.7369380519133 156.704379562044 0.009563 30.8050541516245 2013 0.606372862823272 17.6704758159698 11 -1.02989064847581 -0.201132438909801 0.615102192121462 0.948959195190548 "01"
"2013-01-15" 4.13383061279101 179.233576642336 0.06207 14.1263537906137 2013 0.690135484778229 18.3036504094563 11 0.315096855486907 -0.0510110378808205 0.468490572952431 1.55162574542136 "01"
"2013-01-17" 3.85408304343948 179.153284671533 0.0435825 40.4548736462094 2013 0.682761664449796 18.9973011168223 11 -0.521581366470626 0.00887947158661222 0.426049681922068 0.602010792746904 "01"
"2013-01-18" 3.12971077513157 177.448905109489 0.0909226666666667 26.927797833935 2013 0.672659773045997 19.7757139054556 11 -0.578255632947838 0.234935159098368 0.121559107187354 1.41260840273389 "01"
"2013-01-20" 3.79919833199536 155.408759124088 0.0320733333333333 25.072202166065 2013 0.582628172591481 18.2606344979907 11 -0.997483028275968 -0.124043209902805 0.503668801923977 1.0964102720953 "01"
"2013-01-23" 4.14092186245652 172.270072992701 0.058942 39.3935018050542 2013 0.634671565973207 17.2550790423439 11 -0.693638592661206 0.0527392026394153 0.349281787356056 0.445341128686949 "01"
"2013-01-24" 4.25429265899563 177.335766423358 0.0407543333333333 27.3790613718412 2013 0.649414131806449 17.7949202931116 11 -0.238013530767909 -0.1006517571436 0.527689845215122 0.87110604065766 "01"
"2013-01-27" 4.26197484613326 178.324817518248 0.013627 22.5776173285199 2013 0.641010699416802 19.2147615674942 11 -0.193116250459047 -0.255222905111705 0.703089758350011 1.01331999881131 "01"
"2013-01-28" 4.1223686557845 176.722627737226 0.0266075 20.2057761732852 2013 0.631227944032067 19.7696821424696 11 -0.264497543160543 -0.192114073766958 0.616931133510964 1.14781927181179 "01"
"2013-01-29" 4.41437539024173 198.328467153285 0.0357816666666667 11.9494584837545 2013 0.703864790424896 19.5630154231238 11 0.704084089355733 -0.203489202727314 0.668579231653672 1.41889857899851 "01"
"2013-01-30" 4.43577178663812 203.051094890511 0.0382993333333333 4.87003610108303 2013 0.715964606305021 20.2292059186905 11 0.998467202280259 -0.22496216930774 0.693042269349631 1.68987180998313 "01"
"2013-01-31" 4.60795758629917 205.076642335766 0.017309 2.57039711191336 2013 0.718387321363881 20.1833328368172 11 1.14632118284514 -0.351545575282879 0.846039654683832 1.69737821647382 "01"
"2013-02-01" 4.58953817679065 205.540145985401 0.033462 5.32129963898917 2013 0.715273029353543 21.2419042890034 11 1.07180855031362 -0.257958450098943 0.7361742210767 1.59042371061515 "02"
"2013-02-02" 4.74307042190706 206.164233576642 0.022377 6.15884476534296 2013 0.712688850566937 19.9115868825761 11 1.10357521874756 -0.32034347398946 0.813183639130557 1.481603269952 "02"
"2013-02-04" 4.21211867808402 188.540145985401 0.2226665 31.2129963898917 2013 0.643070096888657 18.8779362723941 11 -0.118141064815442 0.811472822880872 -0.558238989350433 0.70589995193378 "02"
"2013-02-10" 4.62063486754081 196.784671532847 0.059694 27.9530685920578 2013 0.644256204612995 18.4499995973375 11 0.0575696428740482 -0.0264031738137002 0.452097968342526 0.555917201177292 "02"
"2013-02-11" 4.11036593524217 195.383211678832 0.228733 22.6967509025271 2013 0.635284590892634 16.931745763809 11 0.0439976517688646 0.812724012713094 -0.57274690576775 1.0074826529171 "02"
"2013-02-14" 4.17439902774061 192.770072992701 0.076501 35.3537906137184 2013 0.613989531017556 18.6436503425477 11 -0.542198864137099 0.127509998765017 0.255799672332678 0.385326369752376 "02"
"2013-02-15" 4.70250758183927 221.974452554745 0.088329 13.158844765343 2013 0.702171267950275 19.6253963349357 11 1.03392142114457 0.0457714915722576 0.386913689706126 1.10158630712931 "02"
"2013-02-16" 4.44431808045669 226.693430656934 0.192933333333333 13.9530685920578 2013 0.712201702564764 20.8899996167138 11 1.09585834544026 0.581771414770761 -0.250700916087918 1.2058683007601 "02"
"2013-02-22" 3.63781665328695 199.704379562044 0.0374243333333333 27.3285198555957 2013 0.602405105298329 19.529840923491 11 -0.675737527453007 -0.0514088796682779 0.450843318870616 0.807248120897708 "02"
"2013-09-21" 3.7704598162519 226.788321167883 0.03203175 31.9675090252708 2013 0.590413426745771 24.4926977914477 11 -0.605221654059505 -0.0520028639265824 0.46859900324165 0.33821230150722 "09"
"2013-09-23" 4.30883730264918 257.259124087591 0.0167125 25.4296028880866 2013 0.676567868497968 24.753015154884 11 0.567540893994378 -0.190947610157563 0.689806303762763 0.412455423596321 "09"
"2013-09-28" 3.97666911961466 231.105839416058 0.029947 25.898916967509 2013 0.624106610883056 26.0284120166113 11 -0.11586164103849 -0.107738031824791 0.547778683762389 0.563429323500515 "09"
"2013-09-30" 3.90091205066453 221.64598540146 0.020334 29.9025270758123 2013 0.605205575114613 24.9241264888218 11 -0.448080365250524 -0.133045704870639 0.568732912139919 0.44559797472147 "09"
"2013-10-02" 4.23135202033717 230.284671532847 0.0331386666666667 31.7906137184116 2013 0.635929631306514 26.2471422165159 11 -0.06058032561799 -0.0864755447916484 0.538719737644451 0.276596689857336 "10"
"2013-10-04" 4.10372067612167 203.941605839416 0.021083 31.7256317689531 2013 0.569709264436976 23.6138089952015 11 -0.74570021964317 -0.145495929302238 0.562502014085782 0.319896603410718 "10"
"2013-10-06" 3.93513067522969 220.963503649635 0.0301343333333333 32.158844765343 2013 0.624553991682228 25.177618480864 11 -0.358003707604868 -0.078699228035449 0.515828688356567 0.410400990088116 "10"
"2013-10-16" 4.82525532958701 224.71897810219 0.0203556666666667 29.3898916967509 2013 0.675621707626714 24.4422215961275 11 0.484981439366873 -0.2147779643992 0.712324419355043 0.294091682544583 "10"
"2013-10-19" 4.36015966461511 222.42700729927 0.0437273333333333 30.6534296028881 2013 0.681777957590467 23.9239677247547 11 0.273171332285471 -0.0573751516465892 0.521159053338132 0.469161360740032 "10"
"2013-10-20" 3.41768129515654 199.478102189781 0.03201 33.85559566787 2013 0.615424205297365 23.9809518844362 11 -0.865651976457974 -0.028627433996299 0.435782626195708 0.675728479111204 "10"
"2013-10-21" 4.44975359022389 224.503649635037 0.0326196666666667 21.956678700361 2013 0.697169120765655 23.6526977902367 11 0.627002022061039 -0.160074102322532 0.641760334856783 0.800913931206784 "10"
"2013-10-23" 4.25119302470788 218.700729927007 0.0436016666666667 25.101083032491 2013 0.688121897093344 24.2788883996388 11 0.365878057299811 -0.0775534216292365 0.537289508866007 0.774734726072679 "10"
"2013-10-27" 4.07902952457408 191.408759124088 0.0545055 37.1046931407942 2013 0.618386142793825 21.5941265197027 11 -0.636304180068746 0.0361246586374301 0.367940110201063 0.368526384774616 "10"
"2013-10-29" 4.36842721434306 193.200729927007 0.0638183333333333 28.8303249097473 2013 0.632508595276252 22.9588883717855 11 -0.183352583520946 0.0177459178863002 0.38976420546603 0.612321604037406 "10"
"2013-11-01" 4.60307398983142 207.722627737226 0.0434603333333333 18.8519855595668 2013 0.69369569025047 22.4066662561326 11 0.643285994682043 -0.143755033798759 0.609139210035293 0.979557075648503 "11"
"2013-11-04" 4.32495986085095 202.448905109489 0.0510386666666667 12.8808664259928 2013 0.689561041206791 21.4995233293564 11 0.593646392824471 -0.114581841849317 0.557639998074601 1.35022108769783 "11"
"2013-11-05" 4.18585540986531 201.711678832117 0.0789306666666667 33.0758122743682 2013 0.691552089893395 22.9582535879953 11 0.0763718760523138 0.128791301456169 0.292506114204358 0.636293581124743 "11"
"2013-11-06" 4.14401592186246 199.189781021898 0.0522773333333333 30.0541516245487 2013 0.687359424365537 22.8207932426816 11 0.0555835380719398 -0.0128000554000762 0.454265520378057 0.766543592341507 "11"
"2013-11-07" 4.19595709570957 194.784671532847 0.0282286666666667 37.6389891696751 2013 0.676517490557242 22.3888883893452 11 -0.227289037997208 -0.0996299768609342 0.562050371833544 0.440558524586737 "11"
"2013-11-11" 4.28291410222103 192.007299270073 0.0441126666666667 28.8628158844765 2013 0.684029422825908 21.9409518771701 11 0.0701031997982126 -0.0734921704170832 0.521698225265143 0.798826877107892 "11"
"2013-12-04" 3.35157434662385 155.273722627737 0.0707306666666667 28.0794223826715 2013 0.621752193322609 21.4560311635335 11 -1.00248686407614 0.114222356328879 0.234811857663709 1.2846658532839 "12"
"2013-12-13" 3.64006333065739 161.686131386861 0.184597 40.3285198555957 2013 0.662642918618582 18.3641265157669 11 -0.730748478731706 0.703448555055568 -0.428553246269346 0.81179262809207 "12"
"2013-12-17" 3.72058134867541 165.434306569343 0.116687 12.2093862815884 2013 0.681360237070114 17.5442853655134 11 0.0592631304360871 0.233317292339443 0.108160294463338 1.88271978931117 "12"
"2013-12-18" 3.67476139505842 163.48905109489 0.0307575 13.9819494584838 2013 0.6738121076899 18.8804757632906 11 -0.157856371104892 -0.172667064276052 0.592273246268724 1.79019960591184 "12"
"2013-12-19" 3.70290897332977 154.098540145985 0.0278475 21.6606498194946 2013 0.6354062907139 19.4734916687012 11 -0.643196782665711 -0.155717637570695 0.559811328125739 1.43229759634911 "12"
"2013-12-24" 3.49913031843725 160.142335766423 0.039972 32.4296028880866 2013 0.659665168128032 18.8266661810496 11 -0.791714718185807 -0.0260097192233308 0.431257222330386 1.12274105754511 "12"
"2013-12-25" 2.96772700918741 160.48905109489 0.0619895 25.3501805054152 2013 0.660519802239661 19.1138090103392 11 -0.851059630465631 0.0921201822969639 0.273760097247405 1.61422306182238 "12"
"2013-12-30" 3.91310431718848 165.540145985401 0.077029 13.841155234657 2013 0.676133490145973 17.9855550735716 11 0.0406023129990152 0.0324136846245802 0.351337242011083 1.71274609279591 "12"
"2013-12-31" 3.75573655338507 165.839416058394 0.113792 30.7617328519856 2013 0.675888242317131 18.8290471576509 11 -0.404147725854913 0.305423750455906 0.0454201131511392 1.12310391466949 "12"
"2014-01-01" 3.69333014076978 163.343065693431 0.0336725 18.1949458483755 2014 0.664132975057762 17.426983833313 11 -0.29650718015648 -0.588144505796134 0.179605108000563 1.57936749682435 "01"
"2014-01-02" 4.01463938880969 172.583941605839 0.024387 5.8086642599278 2014 0.699894212976449 18.6328566112216 11 0.442758031346684 -0.716312810044455 0.341978061345162 1.97436962466249 "01"
"2014-01-03" 3.94205497148966 167.912408759124 0.03116 9.66787003610108 2014 0.679054044140466 18.9409520134093 11 0.155573867582359 -0.660361504623253 0.267003270367761 1.82635596257008 "01"
"2014-01-05" 3.98724830719886 168.233576642336 0.0343855 18.3862815884477 2014 0.676168443086897 18.7930153438023 11 -0.0443592558852954 -0.606524259781729 0.213876195578104 1.45811444638142 "01"
"2014-01-06" 3.95845398253742 170.766423357664 0.033327 13.4043321299639 2014 0.684036254499964 18.787618637085 11 0.128454748845594 -0.632076137100478 0.24233253491379 1.66860543751933 "01"
"2014-01-07" 3.96559270313614 175.448905109489 0.0385755 13.5342960288809 2014 0.700293523255033 19.2949202704051 11 0.271372302717834 -0.604806444987345 0.220061283723133 1.67684948501395 "01"
"2014-01-08" 3.97395090876693 172.605839416058 0.058862 43.5126353790614 2014 0.686369526084692 20.5950789830041 11 -0.532764973076455 -0.364476645123421 -0.0346686356649845 0.48820751955469 "01"
"2014-01-10" 3.80351813079116 167.401459854015 0.288131 27.3393501805054 2014 0.660353466546886 15.9015869034661 11 -0.189683447514544 0.685273640032434 -1.33296841418422 1.23496390746687 "01"
"2014-01-11" 3.18507216678546 169.416058394161 0.0656385 24.5740072202166 2014 0.665453233828885 17.6933328689091 11 -0.612722099247139 -0.35630888480178 -0.0920467494888872 1.49871872290707 "01"
"2014-01-12" 3.7972926318603 172.186131386861 0.063726 23.014440433213 2014 0.673341390369968 19.299840881711 11 -0.206906272572409 -0.423594469863146 -0.000659023868785698 1.3246228364885 "01"
"2014-01-26" 4.10197456343549 166 0.0857715 33.2274368231047 2014 0.601406575101169 18.8684121994745 11 -0.779815207506933 -0.29345688979118 -0.175905224999777 0.646531835145886 "01"
"2014-01-31" 4.21027485744832 177.237226277372 0.025822 31.3862815884477 2014 0.621896864252452 17.6657139308869 11 -0.533491467221387 -0.597785217312784 0.203519257875902 0.632358062402728 "01"
"2014-02-03" 3.65464629365645 179.007299270073 0.01788 28.0794223826715 2014 0.615727502333787 18.1253964106242 11 -0.760775629544414 -0.604141900211522 0.197677456422057 0.94293579319109 "02"
"2014-02-04" 3.45837602459016 188.872262773723 0.028388 20.0974729241877 2014 0.645306921569586 19.229840884133 11 -0.394913412803046 -0.570806727919278 0.163429433480057 1.35108080867051 "02"
"2014-02-05" 4.6081165359943 211.397810218978 0.0388205 14.8664259927798 2014 0.71740373120824 18.7128566711668 11 0.926153064327743 -0.633447758603289 0.29170696168427 1.16315103781541 "02"
"2014-02-06" 4.48860143442623 204.945255474453 0.0266625 23.2960288808664 2014 0.690800724543695 20.1231741678147 11 0.436771490839229 -0.644376459464237 0.298992078947116 0.843266593693651 "02"
"2014-02-07" 4.31576309693514 187.007299270073 0.0556395 30.884476534296 2014 0.626057240182009 18.3084123702276 11 -0.340572350779162 -0.459251643664066 0.0452473779611968 0.563240416102674 "02"
"2014-02-08" 4.32808045260157 204.160583941606 0.0268305 23.5379061371841 2014 0.67882642845129 19.0307931900024 11 0.271008737361143 -0.628758988939125 0.272543824938551 0.866259265585199 "02"
"2014-02-11" 4.93802900035638 221.087591240876 0.018177 8.08303249097473 2014 0.720127185734355 18.5339678355626 11 1.31755110977024 -0.789105468030957 0.479620083618955 1.22971411507799 "02"
"2014-02-12" 4.72792119565217 211.197080291971 0.022379 18.1660649819495 2014 0.68319738606256 18.9834914888654 11 0.670707796488715 -0.70632326863564 0.368980706982041 0.880989667854913 "02"
"2014-02-13" 4.34594952779758 208.832116788321 0.0273145 26.5631768953069 2014 0.670917355793771 19.5319042659941 11 0.191796864407908 -0.610677290000524 0.254070275850306 0.683426413850835 "02"
"2014-02-14" 4.60045995188881 216.613138686131 0.0400055 20.3140794223827 2014 0.691148981834949 19.2780947912307 11 0.664980076695757 -0.597154351047987 0.246100693086874 0.837152842400168 "02"
"2014-02-19" 4.89925049002138 207.715328467153 0.062955 33.6859205776173 2014 0.640489441275175 17.1842853455316 11 0.128766027614346 -0.449350042049649 0.0624902729954745 0.121336987213703 "02"
"2014-02-26" 5.13803011404134 221.638686131387 0.032642 23.5884476534296 2014 0.652213886001483 17.7215869086129 11 0.632909267571368 -0.65834143161176 0.315147997805294 0.34498072373179 "02"
"2014-03-02" 4.93363551318603 217.554744525547 0.020331 31.4729241877256 2014 0.623886666285813 18.9350789690775 11 0.121311824673945 -0.664152583133321 0.314948725237672 0.0568126222155793 "03"
"2014-03-03" 4.88657118674269 211.131386861314 0.0319465 33.0902527075812 2014 0.601648073504774 18.5568250323099 11 -0.116058693366828 -0.59838906840318 0.223827680591762 -0.00290545726250145 "03"
"2014-09-01" 3.68430372416251 254.397810218978 0.0214526666666667 27.8014440433213 2014 0.606737473464067 26.8479359641908 11 -0.240264363323939 -0.55094600899156 0.170307610280535 0.364702470492712 "09"
"2014-09-02" 3.42965408945118 275.518248175182 0.0297773333333333 22.3646209386282 2014 0.659528141694956 25.9682533627465 11 0.262638242786498 -0.506262558422169 0.142208235465421 0.681776506193445 "09"
"2014-09-04" 4.27168344618674 273.678832116788 0.0271123333333333 18.6389891696751 2014 0.660087615697283 26.6217454577249 11 0.7523359769232 -0.609031706085303 0.270100275520943 0.51488788374996 "09"
"2014-09-07" 4.27671173378475 250.839416058394 0.0209646666666667 29.0758122743682 2014 0.612195363548638 26.4677771310958 11 0.027478947971217 -0.599281180840732 0.238085476598113 0.127115571953639 "09"
"2014-09-08" 4.23597870634355 260.992700729927 0.024247 26.1768953068592 2014 0.639576323007441 26.3571422819107 11 0.328052064423922 -0.589637464508401 0.24033985677556 0.264691969617435 "09"
"2014-09-10" 4.01082501781896 262.080291970803 0.091824 22.3465703971119 2014 0.64762866558911 26.6352374364459 11 0.43943696470435 -0.260300295166498 -0.158322275376425 0.543627221101303 "09"
"2014-09-11" 3.84069850320741 272.032846715328 0.133281333333333 16.826714801444 2014 0.675104612032089 26.7704755389501 11 0.77872615866479 -0.0668437003663198 -0.381788956706217 0.850223675563545 "09"
"2014-09-21" 4.16743139700641 229.069343065693 0.0106425 27.3682310469314 2014 0.595549099189046 24.5553963070824 11 -0.260565091314668 -0.659022430831563 0.286439364301277 0.342274855319092 "09"
"2014-09-22" 4.47797131147541 241.813868613139 0.021357 30.028880866426 2014 0.631848108179051 25.767459808834 11 0.161724197421001 -0.615339072662768 0.265538684603327 0.13650423163377 "09"
"2014-09-24" 4.50550160370634 239.64598540146 0.014141 30.985559566787 2014 0.632629588882163 25.1044438680013 11 0.133714080918842 -0.649321543967531 0.307152728688865 0.103859104340765 "09"
"2014-10-04" 4.60025392017106 246.905109489051 0.124787666666667 21.3610108303249 2014 0.688659023028873 26.7144437214685 11 0.934798251938998 -0.164185723197836 -0.256478010644811 0.599312882058125 "10"
"2014-10-08" 4.40406160905203 229.620437956204 0.0242463333333333 26.8808664259928 2014 0.655782388294735 24.7625392126659 11 0.266102227207883 -0.617492156389349 0.26751059386229 0.449965666137279 "10"
"2014-10-10" 4.32119231111903 233.43795620438 0.0252863333333333 18.9927797833935 2014 0.674831795772448 24.5055549258278 11 0.564536981367703 -0.641988261317675 0.295952425804492 0.819778180287516 "10"
"2014-10-14" 4.33898342836778 231.660583941606 0.0573226666666667 25.9061371841155 2014 0.686551559313132 23.6282533918108 11 0.501686541643856 -0.456163294547367 0.087444356977959 0.602596163511749 "10"
"2014-10-17" 4.2572556575196 217.748175182482 0.035963 21.6389891696751 2014 0.657754636217679 24.4706342485216 11 0.257900037842929 -0.579494700328426 0.207390213522954 0.809244012100275 "10"
"2014-10-18" 2.99438145937277 198.843065693431 0.03862 27.0613718411552 2014 0.604524700107661 23.5425391121516 11 -0.963766697330133 -0.441702457507375 -0.00134221247279226 1.0682215233608 "10"
"2014-10-22" 4.44634265858874 227.481751824818 0.1461815 19.8916967509025 2014 0.709832602100106 29.3458723340716 11 0.90857799435265 -0.0652779777297581 -0.379568288606374 0.929950266304448 "10"
"2014-10-23" 4.35443023877406 222.06204379562 0.121516 28.4512635379061 2014 0.697487772106717 28.017459808834 11 0.51416046281919 -0.138776241411372 -0.289475762117145 0.624382990619919 "10"
"2014-10-24" 4.36701487883108 219.459854014599 0.101387 37.4007220216606 2014 0.693870349456299 27.8293644738576 11 0.24215620752141 -0.196082933067986 -0.211334924284146 0.270090320642981 "10"
"2014-10-26" 3.98790538132573 205.051094890511 0.0969495 41.4548736462094 2014 0.656940743657137 27.7355548313686 11 -0.384776805011525 -0.17221268775936 -0.26421280602339 0.252544583987954 "10"
"2014-11-01" 4.18659791518175 189.226277372263 0.080673 34.1624548736462 2014 0.630832069628041 23.8049201208448 11 -0.410032585065311 -0.310066625508496 -0.127293189330204 0.492653527129538 "11"
"2014-11-04" 2.81755612972202 177.317518248175 0.041716 28.3574007220217 2014 0.602925478172805 22.1782536279588 11 -1.24619280485436 -0.416690149293117 -0.0441155372197536 1.24022748900474 "11"
"2014-11-18" 3.21427855488239 162.689781021898 0.0255825 28.4187725631769 2014 0.603506846413987 23.3039676726811 11 -1.17355680047125 -0.535916717888591 0.0962869111568548 1.18661203343624 "11"
"2014-12-19" 3.78929080541696 164.536496350365 0.0535555 13.7292418772563 2014 0.678353352296553 18.8701583317348 11 -0.0226481733740225 -0.520941698999496 0.101371291981136 1.7579613056342 "12"
"2014-12-24" 3.42313903243051 165.689781021898 0.210297 2.69675090252708 2014 0.682616328256307 19.7838090866331 11 0.262760865890093 0.219409329438392 -0.803613217531644 2.3955190965184 "12"
"2014-12-25" 3.26139299714897 167.058394160584 0.253696 6.29602888086643 2014 0.687696407561925 20.3606344253298 11 0.184554741590343 0.461682300130737 -1.08805779101595 2.33914458303471 "12"
"2014-12-26" 3.46849385245902 166.974452554745 0.157067 8.87725631768953 2014 0.686641302723492 20.6131741811359 11 0.115458136668045 -0.0130796835658049 -0.5131361044569 2.1184737608557 "12"
"2014-12-27" 3.69714451176051 166.412408759124 0.142821 18.8050541516245 2014 0.683473207191783 19.4236503479973 11 -0.0501686874673243 -0.054297512688259 -0.448921539224372 1.63071443495611 "12"
"2015-01-04" 3.77052039818683 173.419708029197 0.160877 25.2671480144404 2015 0.699752665695857 16.0823805899847 11 0.0163049275101483 -0.38744433691525 -0.940473312107235 1.34129804070389 "01"
"2015-01-05" 3.84023086836726 174.737226277372 0.062673 11.3754512635379 2015 0.702863491200465 17.6046027683076 11 0.310797143041826 -0.936475956392371 -0.298262341508052 1.81975911300447 "01"
"2015-01-14" 3.48016842947294 154.627737226277 0.0654145 24.6570397111913 2015 0.599768922646283 17.3601583374871 11 -0.980974820285247 -0.835336286063565 -0.464954562322995 1.28145637022143 "01"
"2015-01-15" 3.80581170562617 179 0.11226 10.3140794223827 2015 0.690938025965372 17.7784123420715 11 0.327296238750549 -0.694912035198523 -0.593129586111342 1.82680418582406 "01"
"2015-01-26" 4.09633032619323 183.967153284672 0.057858 23.8231046931408 2015 0.667541035215685 18.2311106787788 11 -0.0235092620127451 -0.915644116896094 -0.314448574051049 1.05895084410838 "01"
"2015-01-27" 4.13235490178651 183.912408759124 0.015404 31.1768953068592 2015 0.663194547809038 17.5744439912221 11 -0.255009207212868 -1.08970192861067 -0.09718762201812 0.728634555917956 "01"
"2015-02-14" 4.86339547595769 209.740875912409 0.0298105 19.2166064981949 2015 0.670402266179128 16.8252376828875 11 0.640850132791175 -1.12537838917134 -0.0444745821035841 0.750527337373041 "02"
"2015-02-22" 4.82385454626255 217.412408759124 0.0297775 29.4223826714801 2015 0.658101363480229 17.6865075732034 11 0.354552495601336 -1.06888668044199 -0.100247582702048 0.273884582883189 "02"
"2015-02-27" 4.94819349391165 218.79197080292 0.044816 28.3646209386282 2015 0.640736702463614 17.5822217123849 11 0.357091356184389 -1.00987733904128 -0.178324834377677 0.21094605139221 "02"
"2015-03-01" 4.75254421829171 215.153284671533 0.0449165 27.5234657039711 2015 0.621989049793699 18.3238090636238 11 0.136357807035641 -0.997998968767577 -0.206945510895921 0.290644676704249 "03"
"2015-09-06" 4.33781441649631 260.795620437956 0.03511275 24.028880866426 2015 0.633263049312131 26.9622216300359 11 0.412380108437749 -1.00407818393345 -0.17976652432882 0.283764662864578 "09"
"2015-09-09" 4.00410519064972 268.167883211679 0.02570625 23.6859205776173 2015 0.659139148332157 26.6017453632657 11 0.464666025974577 -1.020557573244 -0.148527044383699 0.446108612458929 "09"
"2015-09-11" 3.64638143276153 261.824817518248 0.027719 27.9061371841155 2015 0.649011645187088 26.5666660581316 11 0.0794502304479967 -0.963295972317311 -0.224012184595213 0.436933659355263 "09"
"2015-09-12" 4.1010854590703 254.346715328467 0.03423775 26.1046931407942 2015 0.633209958062965 25.5111105177138 11 0.197902081540001 -0.981796750577051 -0.210080919761651 0.34117588064421 "09"
"2015-09-13" 4.212114478713 247.164233576642 0.04525625 27.4223826714801 2015 0.618040148080861 25.3165074303037 11 0.0837333189930348 -0.934400869606582 -0.274702346972022 0.258207873975286 "09"
"2015-09-17" 4.190305306195 256.71897810219 0.0254225 24.2779783393502 2015 0.653765724635473 26.4455550663055 11 0.423597467412488 -1.04054555420229 -0.130108229503618 0.418456304352679 "09"
"2015-09-30" 3.99846124788908 219.653284671533 0.05533825 24.7436823104693 2015 0.597979891408795 24.4776185504974 11 -0.274383654180155 -0.893657494127177 -0.354190149143453 0.591511726392998 "09"
"2015-10-06" 4.6654908452582 240.92700729927 0.0597455 13.7075812274368 2015 0.678837805718345 26.2563486553374 11 0.989427054307619 -0.973648432871854 -0.215729651786831 0.850883369479915 "10"
"2015-10-09" 4.55592836192338 237.795620437956 0.02610825 24.0252707581227 2015 0.682148764274505 25.1280947488452 11 0.650380691880409 -1.08033680982508 -0.0750426090540369 0.509824368588608 "10"
"2015-11-04" 3.88002733090392 196.671532846715 0.0378393333333333 16.8014440433213 2015 0.667586349212492 21.8838089836968 11 0.111611786358017 -1.0216469791443 -0.192873878382454 1.31696303018299 "11"
"2015-11-05" 4.4662641098569 207.299270072993 0.028428 8.92779783393502 2015 0.708283480452411 22.1734915082417 11 0.913512507202259 -1.15068778076217 -0.0168382186601677 1.43715660351794 "11"
"2015-11-06" 4.20294862678873 192.423357664234 0.0441453333333333 25.6895306859206 2015 0.661756045062597 22.7850788964166 11 -0.00507936389920818 -0.977706406070556 -0.234271090988372 0.860196867698733 "11"
"2015-11-07" 3.95218758332593 196.35401459854 0.044415 23.7328519855596 2015 0.679666924959319 22.2268248815385 11 0.0612682221186141 -0.963320298659681 -0.246832243865861 1.05865596573949 "11"
"2015-11-08" 4.29365167540663 199.631386861314 0.038557 14.6642599277978 2015 0.695480286956771 23.270317017086 11 0.564505218304022 -1.0629196533667 -0.126464518571123 1.30168317708013 "11"
"2015-11-12" 3.81995489289841 192.273722627737 0.295653333333333 16.0649819494585 2015 0.687016547196862 24.016031159295 11 0.460720630251846 0.229799966688728 -1.6885452455954 1.55738859241251 "11"
"2015-11-15" 3.57917629544041 191.941605839416 0.242625 15.812274368231 2015 0.698524136391746 25.0941263986012 11 0.363425512518272 -0.00949407815021579 -1.3997356249037 1.67717710460034 "11"
"2015-11-16" 3.78497466891832 190.956204379562 0.198338333333333 4.8014440433213 2015 0.699094795770452 23.2047614143008 11 0.678992025164726 -0.295273385237473 -1.06995119585932 2.02001298728063 "11"
"2015-11-18" 3.79997333570349 175.92700729927 0.0981016666666667 26.6606498194946 2015 0.651633503732458 22.5030153365362 11 -0.354272459400105 -0.684995397148174 -0.60262098840908 1.08983856805886 "11"
"2015-11-19" 3.95600391076349 181.656934306569 0.064032 32 2015 0.676700903952062 23.0953962840731 11 -0.2414592814699 -0.836305292760745 -0.396987073033311 0.840128659662187 "11"
"2015-11-20" 4.0509732468225 182.507299270073 0.072986 16.9061371841155 2015 0.683684070894733 22.4306343018063 11 0.227712126985164 -0.872815738189152 -0.369137420151506 1.41159755917296 "11"
"2015-12-02" 3.82573771220336 176.886861313869 0.0587416666666667 25.6859205776173 2015 0.701751454310921 21.0512693344601 11 -0.0357356521875662 -0.884776638563009 -0.340026160781552 1.24512108293394 "12"
"2015-12-03" 3.39062638876544 171.054744525547 0.0942863333333333 37.5126353790614 2015 0.681199453155464 21.1877773224361 11 -0.668733813231022 -0.620936877276292 -0.658303926281926 0.946477183154627 "12"
"2015-12-04" 3.35124100079993 173.890510948905 0.248694666666667 33.7328519855596 2015 0.69500979148982 21.479682014102 11 -0.327247724783528 0.115653647747199 -1.53927740429099 1.18878293656199 "12"
"2015-12-11" 3.66036352324238 169.941605839416 0.0943003333333333 10.2671480144404 2015 0.693062283132344 19.2044441586449 11 0.185335373280674 -0.774966113843797 -0.502905622876884 1.95090372466784 "12"
"2015-12-12" 3.60926250999911 170.43795620438 0.0958516666666667 17.3501805054152 2015 0.69653831999464 20.0298408175272 11 0.0172302424242708 -0.729143758116379 -0.546804357089096 1.70100503276885 "12"
"2015-12-14" 3.61967269576038 168.332116788321 0.10324 31.1191335740072 2015 0.690375140287784 22.3273011010791 11 -0.355302868146973 -0.629118328636543 -0.651621418677775 1.15833119840427 "12"
"2015-12-17" 3.66035796818061 171.85401459854 0.0341693333333333 10.5342960288809 2015 0.707439042604338 24.2842852880084 11 0.220728625244731 -1.06555743470135 -0.146294897496014 1.94632780177247 "12"
"2015-12-18" 3.68515576393209 171.821167883212 0.0231213333333333 1.69314079422383 2015 0.707870025116228 24.0725393143911 11 0.436330879365301 -1.16364835961238 -0.0403928105428158 2.27981185236691 "12"
"2015-12-19" 3.5490289752022 167.682481751825 0.028308 24.2671480144404 2015 0.691219895374612 23.7823804825071 11 -0.303199395859519 -1.02047680997147 -0.192635208984609 1.432449931152 "12"
"2015-12-22" 3.78156941605191 169.558394160584 0.0470053333333333 11.4440433212996 2015 0.699236525588553 19.4295234680176 11 0.203096419932917 -1.00989039344416 -0.215363609146009 1.86100279563479 "12"
"2015-12-23" 3.74095080437294 168.996350364963 0.0474433333333333 7.06137184115523 2015 0.696702504588861 19.6704755964733 11 0.268868968855621 -1.0254725409372 -0.204736083259053 2.04491841762635 "12"
"2015-12-24" 3.74446160341303 168.970802919708 0.064805 7.51263537906137 2015 0.69622596868119 18.4020630442907 11 0.274745713548379 -0.939223037737208 -0.307731059787223 2.03129210962294 "12"
"2015-12-27" 3.45514287618878 150.441605839416 0.012146 21.971119133574 2015 0.618065467293867 19.8215868510897 11 -0.899573573969822 -1.10792777671917 -0.135769658612853 1.46104111292959 "12"
"2015-12-28" 3.10949026753178 150.890510948905 0.0558885 22.6425992779783 2015 0.619032605128474 21.7892058614701 11 -1.02993728193522 -0.862773353307057 -0.432443810781659 1.58516227961408 "12"
"2015-12-29" 3.72334125855479 171.193430656934 0.0873306666666667 3.24548736462094 2015 0.701179860419143 21.5682533809117 11 0.438178113734155 -0.847417775775537 -0.420453908489283 2.213435157055 "12"
"2015-12-30" 3.81433317038485 172.186131386861 0.059747 3.01805054151625 2015 0.70394346248471 22.2777774447487 11 0.484078881595515 -0.989843412729964 -0.24700878151315 2.17746606391477 "12"
"2015-12-31" 3.85752377566439 171.901459854015 0.042629 4.04332129963899 2015 0.701332498927122 20.8055551165626 11 0.444076930081815 -1.07181779280514 -0.148132840998346 2.1083956099942 "12"
"2016-01-01" 3.86300884171339 172.251824817518 0.04127 4.01083032490975 2016 0.701167273140817 19.3539679391044 11 0.460349066066256 -1.52741090577355 -0.513991532912982 2.09174484178652 "01"
"2016-01-02" 3.81461763467547 170.591240875912 0.043547 10.072202166065 2016 0.6926881834548 19.7628567559379 11 0.227544899479417 -1.48378528376585 -0.563411578530141 1.86124141240678 "01"
"2016-01-03" 3.84137545150353 170.978102189781 0.0381503333333333 9.67870036101083 2016 0.692398243390126 20.3579361325219 11 0.245468997327585 -1.51393835851961 -0.527390457063031 1.86049581935754 "01"
"2016-01-04" 3.03419239036497 158.394160583942 0.0315456666666667 23.158844765343 2016 0.639589983452633 19.1571423666818 11 -0.907204752032145 -1.41779776015207 -0.6657339327181 1.57892676725231 "01"
"2016-01-11" 3.74063199414984 164.967153284672 0.030675 20.8628158844765 2016 0.649356554849868 19.943809040009 11 -0.396661702086934 -1.4895872436442 -0.565851376046192 1.37521009410184 "01"
"2016-01-19" 3.90044208566933 180.375912408759 0.0359405 13.9638989169675 2016 0.68282060568636 19.3287297203427 11 0.177427334945734 -1.50386668399556 -0.532237355195639 1.5717880579201 "01"
"2016-01-20" 4.12727967735502 185.295620437956 0.027889 8.67870036101083 2016 0.697597845018961 19.5363486153739 11 0.536691940836317 -1.58547052300131 -0.429255723280969 1.69536817475982 "01"
"2016-01-21" 4.0726782192479 181.36496350365 0.0266163333333333 16.7581227436823 2016 0.678974769984552 20.6603169214158 11 0.167873342794791 -1.54967245611907 -0.472566545190422 1.37342316468615 "01"
"2016-01-23" 4.0953531145434 185.660583941606 0.0410193333333333 30.6750902527076 2016 0.687061163744186 20.9196820183406 11 -0.0579039230628151 -1.41315777650557 -0.610637200460779 0.818404469935328 "01"
"2016-01-25" 4.24926873047178 194.182481751825 0.0682613333333333 15.870036101083 2016 0.710042046232066 20.6309520025102 11 0.609698957823781 -1.36106607241859 -0.676247120335293 1.35410597893484 "01"
"2016-01-26" 4.06717153810357 194.080291970803 0.116958 3.98194945848375 2016 0.705333176692267 20.5774599105593 11 0.826754077594805 -1.16571783437622 -0.931468887805393 1.89501963482222 "01"
"2016-01-27" 4.19165355552108 193.952554744526 0.0759846666666667 8.67870036101083 2016 0.700503426028363 21.2915867396763 11 0.700466595348134 -1.35276065428169 -0.701468359681957 1.63396177102303 "01"
"2016-02-22" 4.41388747313138 211.204379562044 0.0631505 23.057761732852 2016 0.640421790256838 17.4814282901703 11 0.197031027921397 -1.35357147491176 -0.69675869893928 0.675238836818714 "02"
"2016-09-29" 4.13832073924701 248.919708029197 0.148006 15.2996389891697 2016 0.676649079111173 25.8571422819107 11 0.842634269776647 -0.936910455905248 -1.17320918510962 0.949533462345506 "09"
"2016-10-18" 4.3759888758393 230.93795620438 0.0908405 12.5595667870036 2016 0.704242271831475 26.1817454988994 11 1.00773006882598 -1.25844463954957 -0.785196690091175 1.15653939460037 "10"
"2016-10-19" 4.55378708976887 229.211678832117 0.057485 8.77617328519856 2016 0.703523941426869 26.4238089001368 11 1.13370519225426 -1.45451196568122 -0.554357031259861 1.23331778199144 "10"
"2016-10-20" 4.16023112549028 217.357664233577 0.085795 7.23826714801444 2016 0.671498182318968 24.8871423781864 11 0.718161855198244 -1.29587831874383 -0.773062178793213 1.44845937163242 "10"
"2016-10-21" 4.03124515256942 217.930656934307 0.0723953333333333 16.7689530685921 2016 0.67768390543705 23.0306343351092 11 0.455035279658818 -1.30452583582374 -0.747922389437807 1.13485612768426 "10"
"2016-11-15" 4.03307886631063 178.857664233577 0.107905 24.927797833935 2016 0.653786940290191 21.3684122297499 11 -0.140255875564091 -1.11242094721273 -0.999277822606645 1.04362686240584 "11"
"2016-11-16" 4.07093314423737 188.335766423358 0.121719 8.23465703971119 2016 0.692508077694669 21.0168249493554 11 0.608222351265242 -1.12500651259241 -0.98348436925259 1.73294243990391 "11"
"2016-11-17" 3.90808163627097 186.328467153285 0.146595666666667 22.3935018050542 2016 0.689122597931189 21.801586832319 11 0.177971491718427 -0.923574134055822 -1.21017359965023 1.25646097083179 "11"
"2016-11-19" 3.69225186695326 176.945255474453 0.209509333333333 17.5270758122744 2016 0.66188554366087 21.1466662694537 11 0.0142323103150342 -0.626582105871132 -1.59358390209707 1.54217086373871 "11"
"2016-12-10" 3.67041903959935 172.259124087591 0.037141 22.898916967509 2016 0.702092201831849 19.9134915972513 11 -0.0865870595699661 -1.44096895808435 -0.593517806868027 1.42885343626952 "12"
"2016-12-13" 3.34760786225541 167.605839416058 0.0586405 9.67509025270758 2016 0.68709369972652 20.3501583129641 11 -0.0332957985254833 -1.3742507990788 -0.705387452131095 2.06894987985857 "12"
"2016-12-14" 3.29433598510869 165.116788321168 0.0390613333333333 10.9602888086643 2016 0.677911148045804 21.2287298005725 11 -0.187102271188042 -1.45967431960884 -0.607498176946763 2.02278896057811 "12"
"2016-12-29" 3.4713419903827 168.751824817518 0.122066666666667 28.0216606498195 2016 0.690215575361418 18.9758726907155 11 -0.31906071323471 -0.988248629145806 -1.13927201835326 1.32844387147553 "12"
"2016-12-31" 3.42630797526979 167.551094890511 0.162736333333333 25.1624548736462 2016 0.682414788884157 18.2966661756001 11 -0.287859016602525 -0.800747900998656 -1.37293641613657 1.45882115707394 "12"
