"Date" "pv" "ghidfm" "Mean" "cfcdfm" "Year" "Kt" "taxdfm" "km" "PC1" "PC2" "PC3" "PC4" "Month"
"2011-01-25" 3.36649971229795 134.583941605839 0.04775 74.2166064981949 2011 0.491459417048605 18.2414282238673 3 -3.12874566632514 1.11378043548339 0.852425200259425 -0.74626307431667 "01"
"2011-01-28" 2.718653554428 134.124087591241 0.144079 76.187725631769 2011 0.480710430713063 18.2503170815725 3 -3.46408772744292 1.646247336676 0.20324686756843 -0.563892118602174 "01"
"2011-02-09" 2.45988518072919 133.259124087591 0.020233 82.0505415162455 2011 0.440923765603853 17.1846027979775 3 -4.11951048956553 1.0954443051658 0.849447346518676 -0.852089955703687 "02"
"2011-03-03" 2.59237197258984 148.85401459854 0.017783 72.4115523465704 2011 0.424970231332912 16.2328567703565 3 -3.81195092766356 1.03508860108667 0.911077248277555 -0.689148034057865 "03"
"2011-03-13" 3.46450802950254 167.64598540146 0.069134 73.0072202166065 2011 0.450663500961906 16.9868251454263 3 -3.04476328972128 1.22263758192335 0.72011543518572 -1.09244328774461 "03"
"2011-04-26" 2.76803368729403 185.222627737226 0.073553 64.2093862815885 2011 0.415563772531505 19.4476187267001 3 -3.26315282630827 1.27146258372615 0.633690406508582 -0.709634574430613 "04"
"2011-05-24" 4.16836454464613 217.671532846715 0.024769 86.3537906137184 2011 0.465149956552129 24.6076185135614 3 -2.60895645578703 1.03689529289915 1.00387492886705 -2.22776358192603 "05"
"2011-05-25" 3.06849270282994 169.759124087591 0.021141 86.4512635379061 2011 0.362405803461281 22.5241265675378 3 -4.15468860840216 1.0919476783292 0.850144520352459 -1.76109023577709 "05"
"2011-09-23" 2.18869984830256 149.189781021898 0.090452 76.1949458483755 2011 0.391204742585632 24.2938090430366 3 -4.23555783437245 1.44203446155956 0.407594940175216 -0.755762931146492 "09"
"2011-10-18" 2.53730972432913 163.167883211679 0.2509505 74.6281588447653 2011 0.495115471738179 23.6285709199451 3 -3.09964842438386 2.18801621338109 -0.42840504093116 -0.561648270104809 "10"
"2011-10-20" 2.2062692891144 156.525547445255 0.191277 76.9314079422383 2011 0.481149556153539 22.372380392892 3 -3.51681760490993 1.93406411010352 -0.134981654552437 -0.538945519620339 "10"
"2011-10-30" 3.34826986451849 158.306569343066 0.069585 86.0469314079422 2011 0.519795747199533 22.6995233202737 3 -3.04632872560748 1.28914229810498 0.684362205669851 -1.28297934027863 "10"
"2012-01-07" 2.51650325320802 139.532846715328 0.0626575 72.9458483754513 2012 0.557986620941286 19.1999995670621 3 -3.02998196247211 0.803016583653509 0.334282243279872 -0.211492292126112 "01"
"2012-01-23" 1.7232118651726 124.916058394161 0.049615 53.971119133574 2012 0.462355978833229 17.2807932051401 3 -3.6878674139666 0.712313046708739 0.354109138482885 0.655881442795925 "01"
"2012-01-28" 1.9362235676848 121.693430656934 0.059648 69.1046931407942 2012 0.43685525344755 14.8809521993001 3 -4.12147274566964 0.814875355135536 0.240986931622498 -0.06715428858229 "01"
"2012-02-08" 3.19813505331646 144.675182481752 0.01667 61.7111913357401 2012 0.482825696822558 17.5906344368344 3 -2.91117158199504 0.474208202087032 0.689047236288166 -0.315500904261061 "02"
"2012-02-10" 3.49145468100488 156.963503649635 0.100406 69.0938628158845 2012 0.516710844550754 15.2512695032453 3 -2.55288328132643 0.89668389183323 0.218852999039588 -0.675289492090339 "02"
"2012-02-11" 1.60079296945599 92.2627737226277 0.121844 79.6570397111913 2012 0.301643515814342 16.1831742316958 3 -5.54446843108893 1.18637192422007 -0.273472928934867 -0.512940693164256 "02"
"2012-02-12" 1.84413970721128 141.397810218978 0.071124 62.4440433212996 2012 0.459119866081989 14.3717458021073 3 -3.70940965911937 0.855884350193726 0.202537017255392 0.155411314128483 "02"
"2012-02-22" 3.33286643773721 161.470802919708 0.02482 69.5667870036101 2012 0.489724818362316 17.6585709556701 3 -2.85876473479266 0.548465080717075 0.624841262814056 -0.774402828586194 "02"
"2012-04-05" 1.81954296945599 185.784671532847 0.045071 66.057761732852 2012 0.445171554674331 16.4095234946599 3 -3.59859937657993 0.772336190344558 0.324793639927862 -0.352945660143458 "04"
"2012-04-07" 2.232146891379 196.248175182482 0.074453 54.5306859205776 2012 0.466597034080221 16.8082535001967 3 -2.87631859352291 0.82975892437538 0.260874003797363 -0.063864642244189 "04"
"2012-04-09" 2.54923865895536 209.401459854015 0.193716 65.5054151624549 2012 0.494154028634859 18.6763487164936 3 -2.58913254845703 1.44079291651933 -0.432671642671408 -0.58500141055567 "04"
"2012-04-30" 2.93198761973613 243.160583941606 0.060936 81.6498194945848 2012 0.539419357719621 18.5577774047852 3 -2.39540823830677 0.856001775610851 0.33513342795254 -1.52808623267135 "04"
"2012-05-01" 2.87131190131936 224.591240875912 0.0457906666666667 78.4079422382672 2012 0.497118253148596 18.1874598926968 3 -2.76645948989875 0.764152622797409 0.410154741468983 -1.37342745521021 "05"
"2012-10-03" 2.23742205855774 172.576642335766 0.0532215 72.8880866425993 2012 0.479764484560142 23.313173990401 3 -3.42753031225085 0.80099141349624 0.314222529538699 -0.579415946468449 "10"
"2012-10-04" 2.52809280679559 168.233576642336 0.031558 53.1768953068592 2012 0.470412603651347 23.2707930822221 3 -2.92477394273192 0.575087757737418 0.554776553230026 0.0744529929133856 "10"
"2012-10-17" 3.17393367070305 160.602189781022 0.0256815 65.6787003610108 2012 0.48650172400302 25.0509518517388 3 -2.86905094406313 0.547155075035027 0.617068745170454 -0.56356693376969 "10"
"2012-10-18" 2.60886386228086 128.189781021898 0.010193 73.0036101083032 2012 0.390830110320312 22.6366661919488 3 -4.18048653157169 0.541779072908523 0.564158710252451 -0.684084593555438 "10"
"2012-10-28" 1.97664580697632 112.189781021898 0.090042 89.4404332129964 2012 0.365299896901912 22.8066661320035 3 -5.08046313855045 1.054528524983 -0.0565122806510434 -1.01001430907723 "10"
"2012-11-05" 3.14876649195735 138.551094890511 0.1506 78.4115523465704 2012 0.475578653460792 26.0095232706221 3 -3.28710779915911 1.20626053465251 -0.173029255569528 -0.875197364383345 "11"
"2012-11-06" 2.40967264594253 141.025547445255 0.196582 80.8880866425993 2012 0.487227022576001 23.4461899711972 3 -3.56909458020934 1.5047115467083 -0.529933104222549 -0.651197955794562 "11"
"2012-11-12" 3.38189047532984 122.934306569343 0.006801 57.4837545126354 2012 0.441189218154189 19.3668248615568 3 -3.15218374900957 0.380993360530368 0.76600443757733 -0.189920859205874 "11"
"2012-11-13" 2.05096692571842 119.638686131387 0.0449075 61.5595667870036 2012 0.432004586095484 20.3122216936142 3 -3.94498527767169 0.69662095269125 0.370413365130742 0.178418726732003 "11"
"2012-11-14" 1.85935523224291 120.251824817518 0.0406766666666667 69.0180505415162 2012 0.43685994679311 20.6922217475043 3 -4.18750248322004 0.72798915147623 0.343318667934445 -0.0305963748174976 "11"
"2012-11-16" 2.36647727272727 144.879562043796 0.012093 95.2057761732852 2012 0.532626605047937 21.0538089691647 3 -3.81277163107608 0.680212929070773 0.501397048584538 -1.15782833212539 "11"
"2012-11-19" 2.13965073197181 126.583941605839 0.0326493333333333 69.2815884476534 2012 0.47342461190911 20.927301179795 3 -3.78736690944002 0.668322238494174 0.43932503472647 -0.0902606950168244 "11"
"2012-11-28" 3.12842829387312 112.565693430657 0.014261 73.9241877256318 2012 0.440505487390341 17.9171424858154 3 -3.74415968919467 0.511856054167143 0.622717006139463 -0.657833393221724 "11"
"2012-12-07" 2.50736490150009 127.85401459854 0.080008 75.6678700361011 2012 0.517105607158909 20.316824958438 3 -3.42561009970844 0.896797829429465 0.199976132850733 -0.343947155765202 "12"
"2012-12-08" 2.83567910717513 127.408759124088 0.052601 89.2924187725632 2012 0.516723502874517 20.461586876521 3 -3.62657754474059 0.800823567875777 0.337577859064579 -1.01254316770043 "12"
"2012-12-09" 1.67972844749684 124.463503649635 0.0187826666666667 75.0252707581227 2012 0.506068211946194 20.9095234341092 3 -3.97475025702524 0.664674715604519 0.460068389776754 -0.0290280488651105 "12"
"2012-12-31" 1.48537750768119 89.6459854014599 0.011254 65.5415162454874 2012 0.365147413046013 20.0049201420375 3 -4.99554283035033 0.587045148178542 0.452664022484431 0.249978518223546 "12"
"2013-01-01" 2.37566341093569 116.452554744526 0.007778 53.9747292418773 2013 0.473198423511107 18.6909519225832 3 -3.39269291803564 0.000527636924937858 0.304021183724069 0.468677191417881 "01"
"2013-01-02" 1.77376572116671 118.164233576642 0.047589 51.4187725631769 2013 0.478889511339993 18.9898407951234 3 -3.53613021412905 0.233212970416597 0.017532669404899 0.821772687829182 "01"
"2013-01-03" 2.33578628133084 123.507299270073 0.010794 59.7075812274368 2013 0.49912477183556 19.4915868365575 3 -3.33138256682584 0.0485201182015259 0.269874777669651 0.286581308494026 "01"
"2013-01-21" 1.97758340023192 136.058394160584 0.0189985 57.3537906137184 2013 0.507180200495995 19.503967830113 3 -3.29897119808378 0.113548935239328 0.1947132282568 0.452808764696388 "01"
"2013-01-22" 3.54393006868254 148.839416058394 0.007746 71.3682310469314 2013 0.551605382324556 17.709205911273 3 -2.5052889199505 -0.00150413984311458 0.39939690821303 -0.668761758998649 "01"
"2013-02-03" 3.71078070644902 126.299270072993 0.009655 52.1227436823105 2013 0.433690448402174 18.3112694271027 3 -2.86907769124004 -0.104991651016914 0.431454443931767 -0.165957305151504 "02"
"2013-02-06" 3.52860471857997 164.357664233577 0.122655333333333 73.7761732851986 2013 0.553035524236469 18.4538090266879 3 -2.32748555334498 0.57780541222786 -0.283098692216822 -0.822604822941244 "02"
"2013-02-07" 4.0365099009901 145.788321167883 0.012769 54.0180505415162 2013 0.4872176754435 17.6203170655266 3 -2.27062796890341 -0.100413994567845 0.468307140147901 -0.348700995482094 "02"
"2013-02-08" 3.6620896886986 119.905109489051 0.018188 60.2382671480144 2013 0.397984814469453 17.106824920291 3 -3.351582447989 -0.0224123825195306 0.32281950443974 -0.520676814042641 "02"
"2013-02-28" 1.95620930336277 135.828467153285 0.013576 68.956678700361 2013 0.393875354081364 16.3026980748252 3 -4.3117512375175 0.149211968935464 0.114379290463267 -0.33036900311384 "02"
"2013-03-01" 1.68689791276425 132.094890510949 0.018274 85.2166064981949 2013 0.380598262685964 17.0420631075662 3 -4.94102273763245 0.271121836976976 -0.0209564867217295 -0.872210012283818 "03"
"2013-03-02" 3.53088484524128 176.551094890511 0.039591 71.2599277978339 2013 0.505459064502573 19.8346027343992 3 -2.56427140933299 0.170268857642682 0.186376636941899 -0.987666844400215 "03"
"2013-03-09" 3.02432878422977 208.98905109489 0.051314 68.6209386281588 2013 0.57314483438978 20.9293647342258 3 -2.07153944564111 0.271349393928045 0.104462036161315 -0.719536664452491 "03"
"2013-03-18" 3.78759700294354 186.930656934307 0.017517 71.4043321299639 2013 0.487314990423168 21.5057138564095 3 -2.50362293240839 0.0482085895798731 0.333231204704853 -1.23137363393081 "03"
"2013-04-06" 4.08804968334671 213.065693430657 0.0539215 68.1516245487365 2013 0.50879285791514 18.9355551553151 3 -1.91273887136563 0.196942470346463 0.178323355396647 -1.33435448348431 "04"
"2013-04-07" 3.09006221568103 157.156934306569 0.018056 80.4548736462094 2013 0.373834171944605 19.1090472085135 3 -3.99789765930098 0.142291375574357 0.154842919754273 -1.43421616343937 "04"
"2013-04-08" 3.86089554901436 173.083941605839 0.0427645 68.0180505415162 2013 0.410158915622494 17.4009519304548 3 -2.94881766979955 0.144641950200444 0.170130580540356 -1.24600222845593 "04"
"2013-04-28" 3.78939768976898 178.609489051095 0.021403 76.9891696750903 2013 0.398132389735289 18.9257139327034 3 -3.25745311442709 0.0931359933695681 0.24072717608445 -1.65354923370272 "04"
"2013-04-29" 3.90476986887878 192.07299270073 0.028833 80.3429602888087 2013 0.427134200747008 19.3569837146335 3 -2.99181090843164 0.141319422952946 0.209906956714176 -1.83894000058943 "04"
"2013-04-30" 3.81329163321738 215.288321167883 0.030032 77.6859205776173 2013 0.477661844938116 18.7971424375262 3 -2.48215081764655 0.152085971289763 0.228428303564583 -1.71869892785882 "04"
"2013-05-01" 3.70154870216751 229.697080291971 0.061297 68.2635379061372 2013 0.508492181897209 19.2436503001622 3 -1.97725736501221 0.274601573934428 0.0893455996745106 -1.30866084168411 "05"
"2013-05-14" 3.39999777004728 229.98905109489 0.017129 66.985559566787 2013 0.497169671178025 21.4212694016714 3 -2.21010877531501 0.0798996899863633 0.312120839963195 -1.19434450563433 "05"
"2013-05-15" 4.21860784051378 237.56204379562 0.0187 73.927797833935 2013 0.512797741814287 20.2731741950625 3 -1.81972952217212 0.0549521572742834 0.373294960611589 -1.79185689705246 "05"
"2013-05-16" 3.86143073766836 203.094890510949 0.021558 55.6534296028881 2013 0.437786081420462 19.4049202449738 3 -2.27908297498614 -0.00313499424883645 0.359413704095218 -0.908266457273177 "05"
"2013-05-18" 3.55316207296405 216.788321167883 0.0553075 57.7292418772563 2013 0.466071420833598 20.103174149044 3 -2.16568858397342 0.2027398808372 0.132220957625082 -0.873076195943618 "05"
"2013-05-29" 3.98691575238605 222.92700729927 0.0314783333333333 67.3140794223827 2013 0.473975173615137 20.384443964277 3 -2.11349250312005 0.0990222789724238 0.282286585850612 -1.44678053568086 "05"
"2013-06-05" 2.9740990990991 237.131386861314 0.0420685 62.8772563176895 2013 0.502017139489125 21.4952376683553 3 -2.21106529183898 0.220905557784343 0.138157731011436 -0.896781865641937 "06"
"2013-10-03" 2.46521831237178 171.996350364963 0.023515 56.7545126353791 2013 0.477696869280222 23.6361899754358 3 -2.9637398329215 0.11149252114033 0.207985512984091 -0.062236960645447 "10"
"2013-10-11" 2.08594237802159 160.609489051095 0.043999 43.9025270758123 2013 0.467925449991548 24.0069836207799 3 -2.96444131097885 0.176083143642086 0.0972981437394722 0.649718535811092 "10"
"2013-10-25" 2.7971189010793 138.492700729927 0.048275 74.3068592057762 2013 0.441543410188144 22.8068249263461 3 -3.67093017942586 0.271848237426734 0.00905917956483364 -0.730310794084999 "10"
"2013-10-31" 3.62050664525912 152.773722627737 0.0110035 64.7111913357401 2013 0.506829432247527 20.8050788849119 3 -2.55841216643456 -0.0199860925728495 0.39441176013411 -0.598968224103009 "10"
"2013-11-13" 3.32774172687539 159.423357664234 0.0377856666666667 73.6750902527076 2013 0.57501254216926 22.1652377143739 3 -2.40979701841183 0.178267504564698 0.201009131242103 -0.671497026997253 "11"
"2013-11-14" 2.87342788332887 120.197080291971 0.007452 64.3754512635379 2013 0.436172903335806 21.3369836807251 3 -3.60554086555027 0.0102223870513092 0.297627111469334 -0.269024459340528 "11"
"2013-11-17" 3.43545401837481 135.302919708029 0.006325 78.5812274368231 2013 0.49978542935387 18.8403170373705 3 -3.16000462423961 0.0303951846559066 0.338119686167692 -0.964431645464045 "11"
"2013-11-20" 2.47380363036304 137.036496350365 0.040604 56.1083032490975 2013 0.514831777255698 19.1366662449307 3 -2.94755092445346 0.170927812311542 0.13451648437297 0.332824036456528 "11"
"2013-11-23" 2.23578405137811 142.390510948905 0.0148063333333333 50.7400722021661 2013 0.543550196742469 21.5536503564744 3 -2.74154774845936 0.0415145052064228 0.295678642876202 0.671581810246365 "11"
"2013-11-25" 2.16598653108554 118.255474452555 0.0488876666666667 52.6967509025271 2013 0.455966146046548 18.6023804649474 3 -3.51736445244115 0.213583214139317 0.0370285133514038 0.551187498743258 "11"
"2013-12-27" 1.97911649273035 124.543795620438 0.068519 40.6606498194946 2013 0.511353564225744 19.4485709477985 3 -2.90298417065733 0.268113423119055 -0.0179284264707232 1.22074818922097 "12"
"2013-12-28" 2.85000780483454 115.985401459854 0.0317495 63.7906137184115 2013 0.475487886301607 18.2914281723991 3 -3.35990915342635 0.123610881470007 0.176749974425425 -0.0799233413733284 "12"
"2014-01-14" 3.55151906628653 141.810218978102 0.010618 69.4909747292419 2014 0.549398116492848 17.0495233535767 3 -2.50617134238921 -0.449287731743268 0.0167122175661268 -0.564491210854263 "01"
"2014-01-15" 1.54371770313614 121.766423357664 0.020297 76.0108303249097 2014 0.469439958603788 18.0992060010395 3 -4.28935897172558 -0.20873405749691 -0.336215381049406 -0.127934854120603 "01"
"2014-01-19" 2.22873418567356 142.116788321168 0.0676585 42.0613718411552 2014 0.536522912069799 18.2992059503283 3 -2.51466398652658 -0.190911461231902 -0.35345176010461 1.00276982440524 "01"
"2014-01-22" 2.98432488417676 146.102189781022 0.034575 43.3321299638989 2014 0.542255317938962 18.6468250410897 3 -2.14399052413667 -0.407529957706406 -0.0776456110307659 0.635144757627021 "01"
"2014-01-28" 3.09549848538845 154.379562043796 0.009625 48.3718411552347 2014 0.552308794206129 18.4884124332004 3 -2.11261902207408 -0.510193975816209 0.0630026937145435 0.354684294761904 "01"
"2014-02-02" 2.94776817533856 144.700729927007 0.006894 37.2527075812274 2014 0.501061181220698 17.3963488926963 3 -2.31536687140297 -0.567008573895218 0.0846309686930768 0.76419736345196 "02"
"2014-02-09" 2.41011448681397 165.64598540146 0.0260605 48.2129963898917 2014 0.547005696708562 19.7399996046036 3 -2.37859728881379 -0.367166395199793 -0.11371682948492 0.534799308133358 "02"
"2014-02-10" 2.21569293478261 160.335766423358 0.0510055 38.0216606498195 2014 0.525847803299221 18.3214280718849 3 -2.37537824010273 -0.280111739994015 -0.247422720205855 0.994261395957374 "02"
"2014-02-22" 2.96189526906629 155.277372262774 0.038489 51.014440433213 2014 0.469204952736981 17.3969837370373 3 -2.72996571306382 -0.341972148313505 -0.175281978579065 0.0602151396708736 "02"
"2014-03-30" 3.07626514611547 200.894160583942 0.0748065 44.9458483754513 2014 0.494540462524154 17.6522217629448 3 -1.9956085794414 -0.181443910571884 -0.33823506940719 0.00832887793996823 "03"
"2014-04-01" 4.16851167141839 209.186131386861 0.142218 70.9097472924188 2014 0.510466707956746 20.7893645422799 3 -1.85216347687487 0.181827260176668 -0.712351369832924 -1.41861677707885 "04"
"2014-04-19" 3.44131993941554 251.56204379562 0.075761 91.2888086642599 2014 0.574945238362584 21.8830152844626 3 -2.0503955762709 0.0369088685472625 -0.466379645797931 -2.07728663039071 "04"
"2014-04-20" 3.69605866892373 239.098540145985 0.018545 72.7256317689531 2014 0.544842085161226 20.6734915536547 3 -1.82075569900012 -0.356607556520137 -0.0378225823290966 -1.47021925521222 "04"
"2014-04-22" 3.78758686742694 221.390510948905 0.042566 64.7797833935018 2014 0.501609268298063 20.1034916620406 3 -1.96260758808358 -0.292938992360581 -0.153857213407173 -1.18479306480048 "04"
"2014-05-22" 2.86406918210976 244.21897810219 0.016731 56.4079422382671 2014 0.52277385377811 20.1119041897002 3 -1.940259738578 -0.369645829275109 -0.0627490859385011 -0.613061081667583 "05"
"2014-05-25" 3.9813012295082 219.273722627737 0.02302 69.6534296028881 2014 0.467941903445233 19.5041266698686 3 -2.23353955014923 -0.380633295873526 -0.0564940233757319 -1.54274002080925 "05"
"2014-09-06" 2.75618095153243 232.620437956204 0.0703393333333333 70.9205776173285 2014 0.565459696945501 27.2250787341405 3 -2.10108053260199 -0.0384905975263328 -0.427352758946606 -0.906362932363794 "09"
"2014-09-18" 2.64992983784747 197.872262773723 0.0294696666666667 68.4187725631769 2014 0.506952155382168 24.6539676454332 3 -2.7601860286636 -0.255715933757985 -0.217871307572985 -0.702510106421026 "09"
"2014-09-19" 2.52564816464718 180.332116788321 0.0114905 75.7328519855596 2014 0.464246709483787 23.1976184996348 3 -3.41417817807292 -0.304953056590738 -0.179791466826405 -0.945855142165999 "09"
"2014-09-20" 3.17081699928724 213.032846715328 0.0362283333333333 61.202166064982 2014 0.551118785321604 23.6582534123981 3 -1.93403587532323 -0.295301534032736 -0.144940618800211 -0.59936750896199 "09"
"2014-10-09" 3.39991313257306 184.142335766423 0.018142 60.129963898917 2014 0.529089778520301 23.9484120929052 3 -2.16576293907503 -0.421760127170985 -0.0178394282218084 -0.507185587623242 "10"
"2014-10-13" 2.32284613328582 147.832116788321 0.045067 52.4765342960289 2014 0.435373106741913 22.8552375823732 3 -3.33989742742536 -0.251536659877396 -0.309604972668882 0.207327487435774 "10"
"2014-10-27" 3.48049937633642 192.507299270073 0.046702 75.7942238267148 2014 0.620852425629594 26.0771422310481 3 -1.83172795101654 -0.214441857225219 -0.196182935825756 -0.928342769262838 "10"
"2014-11-05" 2.69186007662153 146.36496350365 0.006113 52.1480144404332 2014 0.500943980195125 21.5388882500785 3 -2.78829791157792 -0.477134933194055 -0.00491598413064076 0.268077374126155 "11"
"2014-11-06" 3.0564972380613 146.200729927007 0.0755885 39.1696750902527 2014 0.503649631435819 21.9266661538018 3 -2.20877142210992 -0.232475861488736 -0.310485503544783 0.66993195872849 "11"
"2014-11-07" 3.0605454828938 156.722627737226 0.00694 64.5740072202166 2014 0.543403666225031 22.0615867887224 3 -2.56118272695787 -0.441232355667269 -0.000658460741043587 -0.310142255451294 "11"
"2014-11-11" 1.71593794547398 118.817518248175 0.028411 48.8447653429603 2014 0.422597788871391 22.6588884383913 3 -3.86093932741354 -0.313227724783019 -0.269886865481027 0.753007916168039 "11"
"2014-11-12" 3.02337067890235 135.722627737226 0.006742 58.956678700361 2014 0.485740663118695 24.1217455788264 3 -2.96281638479832 -0.474380529422745 -0.00754126402967346 -0.0939223351958258 "11"
"2014-11-15" 2.27561475409836 129.266423357664 0.008786 47.6787003610108 2014 0.471171064424003 21.7449200493949 3 -3.19556101886082 -0.458031884344997 -0.0624097138135771 0.642024200826686 "11"
"2014-11-16" 2.61540003563792 150.102189781022 0.063737 50.7689530685921 2014 0.550377466012897 21.0928566493685 3 -2.3924610177845 -0.197389553718566 -0.318000452015324 0.493422901271238 "11"
"2014-12-01" 2.18300628118318 124.131386861314 0.073096 55.4368231046931 2014 0.491027891049331 17.7323805188376 3 -3.27219560520126 -0.10409854437606 -0.470705808213176 0.495755244445269 "12"
"2014-12-03" 2.29949215965788 138.419708029197 0.022134 53.2418772563177 2014 0.551773984221808 19.9777773145645 3 -2.72719266569742 -0.367265826110656 -0.120474897217482 0.593151382927661 "12"
"2014-12-05" 3.29298267106201 138.193430656934 0.0248385 48.85559566787 2014 0.554734644703811 18.138888495309 3 -2.11472587740976 -0.459134584926002 -0.00267423548187419 0.390710205289322 "12"
"2014-12-11" 2.09335464183892 119.536496350365 0.078127 75.85559566787 2014 0.487784733710041 18.5930153528849 3 -3.85591011198066 0.0232794749429412 -0.60035606213129 -0.242153825649466 "12"
"2014-12-13" 2.73528265324305 115.153284671533 0.045154 60.3176895306859 2014 0.471715020613239 17.7473011319599 3 -3.33585276747928 -0.266998808529092 -0.275622859701455 0.0881807364407851 "12"
"2014-12-15" 2.99964362081254 132.339416058394 0.008267 50.6678700361011 2014 0.543751369971498 16.7426980033753 3 -2.43179356541323 -0.508847210265826 0.0474572561864047 0.437518874768566 "12"
"2014-12-17" 3.05286105666429 118.941605839416 0.00935 47.913357400722 2014 0.489752895683287 17.536666249472 3 -2.77773089725037 -0.525903797051465 0.0321858822514837 0.462408890152945 "12"
"2014-12-18" 1.48556107448325 110.390510948905 0.007883 51.5812274368231 2014 0.454881417704457 19.4142851905217 3 -3.91894046527747 -0.38625931448178 -0.170795965425466 0.885371425796556 "12"
"2014-12-20" 3.21085397362794 141.481751824818 0.01153 63.2346570397112 2014 0.583478780257219 18.51174558912 3 -2.3088929694942 -0.447665419963714 0.0176872983312909 -0.0834065843803796 "12"
"2014-12-30" 1.63904913578047 100.810218978102 0.058543 60.5451263537906 2014 0.411947410044846 18.5755550747826 3 -4.34756095331536 -0.113281609037677 -0.509155411742949 0.436895993385814 "12"
"2015-01-01" 2.3398420140432 137.992700729927 0.205732 76.7328519855596 2015 0.5613903911092 16.9860313354977 3 -3.0093062316316 0.184764627796426 -1.65749468423082 -0.251768303379452 "01"
"2015-01-09" 2.4580870589281 120.624087591241 0.134103 55.2851985559567 2015 0.478252541081826 15.2341267211097 3 -3.16343335848031 -0.281358564191516 -1.17511766466538 0.393642630440342 "01"
"2015-01-18" 3.19604924006755 131.79197080292 0.008684 45.4945848375451 2015 0.500927210971776 17.8761900795831 3 -2.47260794289457 -0.995126561766838 -0.306837596042082 0.4281204449587 "01"
"2015-01-19" 3.63696560305751 135.620437956204 0.005999 51.4945848375451 2015 0.512698841596447 16.6569837464227 3 -2.30103563935165 -1.01519172345866 -0.261376101967911 0.0283398445835216 "01"
"2015-01-22" 3.41980157319349 142.204379562044 0.005111 60.028880866426 2015 0.528559248120732 16.9217457279326 3 -2.46515170849328 -0.957639789721979 -0.310313701440707 -0.222537266093277 "01"
"2015-01-29" 2.16569638254377 134.091240875912 0.010505 55.0794223826715 2015 0.47743608339847 17.5317456684415 3 -3.33792705428059 -0.851339147187609 -0.48869717763333 0.36696753979843 "01"
"2015-01-31" 2.37769976002133 146.259124087591 0.010729 51.8519855595668 2015 0.514050385166087 17.8455551313975 3 -2.83563254087427 -0.878794413286021 -0.433825224487864 0.430888934354242 "01"
"2015-02-01" 2.3375755488401 138.01094890511 0.009176 51.4404332129964 2015 0.481883560111524 18.2784123345027 3 -3.11073937895947 -0.887842122427888 -0.443600833390058 0.426624274951486 "02"
"2015-02-02" 1.61214003199716 108.697080291971 0.01181 70.1696750902527 2015 0.377024797210224 16.8609519534641 3 -4.7913227798812 -0.73508188538231 -0.675028690826964 -0.1208475372788 "02"
"2015-02-03" 1.7760587947738 106.175182481752 0.009323 69.2202166064982 2015 0.365829193293015 16.4092061179025 3 -4.77995539968718 -0.766367853053101 -0.643391371469154 -0.163119482229309 "02"
"2015-02-04" 2.51757066038574 146.886861313869 0.010122 56.4259927797834 2015 0.502717054628871 17.8849202413408 3 -2.94466520337817 -0.870861167341382 -0.440251541304873 0.159152511434517 "02"
"2015-02-05" 3.12095591502978 137.642335766423 0.02061 73.5162454873646 2015 0.46790984339467 17.67857111068 3 -3.33635169307712 -0.792397614186125 -0.52450583019549 -0.775308715218279 "02"
"2015-02-06" 1.53420251533197 101.518248175182 0.013921 80.9530685920578 2015 0.342775671828047 17.2679362069993 3 -5.35558194149415 -0.668964529604901 -0.760341963099799 -0.560928541548916 "02"
"2015-02-07" 1.52032041596303 89.6240875912409 0.011855 89.4873646209386 2015 0.300562399115708 15.9280948865981 3 -5.92361747001054 -0.641418480638613 -0.807992412456966 -0.928660051188973 "02"
"2015-02-09" 1.80977246466981 128.642335766423 0.0267695 58.4115523465704 2015 0.425554042017715 15.8450788770403 3 -3.9432722310141 -0.726951105314126 -0.6650077480779 0.266418967448533 "02"
"2015-02-11" 2.66521864723136 155.448905109489 0.012345 41.9169675090253 2015 0.507219514283383 16.2553964947897 3 -2.4299568775289 -0.937608774368874 -0.371682630587159 0.620872726129582 "02"
"2015-02-12" 2.0439794240512 146.28102189781 0.019912 50.4657039711191 2015 0.474035468139386 16.4893646542988 3 -3.20901089469747 -0.810913813523491 -0.540094777208166 0.4988257923999 "02"
"2015-02-24" 4.16996266998489 174.43795620438 0.024413 71.4476534296029 2015 0.521020228287005 17.3296821685064 3 -2.16308268088343 -0.855394253073005 -0.39391360691915 -1.21140633028176 "02"
"2015-03-18" 3.19761021242556 189.065693430657 0.013522 56.8592057761733 2015 0.494294156846471 15.8628567211212 3 -2.36227625565113 -0.887289060707247 -0.392655818728474 -0.45437877194986 "03"
"2015-04-04" 2.51853724113412 212.310218978102 0.014324 60.7472924187726 2015 0.512201513935312 19.2942853655134 3 -2.5044106322055 -0.796183645136877 -0.484082820352764 -0.459595974500222 "04"
"2015-04-05" 3.26503755221758 204.175182481752 0.017333 55.9783393501805 2015 0.490581153948365 19.3269836637709 3 -2.21680623404672 -0.870634413325729 -0.406596557170603 -0.566359640306626 "04"
"2015-04-06" 2.33553684116967 179.693430656934 0.026339 56.2454873646209 2015 0.430041392909789 19.6992058829656 3 -3.23147182442119 -0.757341898529257 -0.595343309371376 -0.213601923662443 "04"
"2015-09-18" 2.81647186916719 157.908759124088 0.0111435 50.0758122743682 2015 0.404042750677216 24.4206344210912 3 -3.18716453285146 -0.911490293829506 -0.436963757965497 -0.0825297050026198 "09"
"2015-09-19" 3.17857857079371 193.083941605839 0.0236656666666667 56.0072202166065 2015 0.496424846242321 24.1785708533393 3 -2.29758717848302 -0.838454859461277 -0.449462657861758 -0.432894470033745 "09"
"2015-09-24" 2.60643498355702 173.222627737226 0.201889 94.3898916967509 2015 0.456645396911932 26.173015322004 3 -3.71088715294521 0.250865572970682 -1.73921716188606 -1.61711635892863 "09"
"2015-09-25" 2.52165363078837 167.547445255474 0.024023 77.3393501805054 2015 0.443988518746671 25.0630152263339 3 -3.65059706493687 -0.690376172223301 -0.644166615067752 -0.981240754440046 "09"
"2015-09-26" 2.2686816727402 165.328467153285 0.013643 75.1768953068592 2015 0.440422238844604 23.8812693035792 3 -3.77232553364095 -0.730828899188001 -0.60468303844701 -0.79682329671729 "09"
"2015-09-28" 2.71502533108168 178.755474452555 0.0614565 40.8339350180505 2015 0.48132660681124 23.7049201178172 3 -2.32087545101722 -0.695042824991696 -0.663017716308258 0.414838248212682 "09"
"2015-10-11" 2.32057150475513 162.434306569343 0.025971 46.8231046931408 2015 0.471694213045634 25.0850787087092 3 -2.87591696148716 -0.813694407640365 -0.530722242661911 0.410995219332232 "10"
"2015-10-12" 2.15038663229935 150.200729927007 0.0114465 54.2707581227437 2015 0.438873988371148 23.428412195236 3 -3.45066053851675 -0.839290422916408 -0.513877106994185 0.172111797277439 "10"
"2015-10-13" 2.88709892454004 160.554744525547 0.02660525 57.4332129963899 2015 0.472058430136353 23.4174597149804 3 -2.86400812735867 -0.808666225920214 -0.515844244321886 -0.208718355471215 "10"
"2015-10-14" 2.19738800995467 149.189781021898 0.009356 49.2202166064982 2015 0.441403222392083 22.5012694010659 3 -3.29981419560287 -0.878196217320941 -0.472972189308234 0.365546700155097 "10"
"2015-10-16" 3.83901430983913 152.693430656934 0.0726385 60.956678700361 2015 0.457528243958531 26.1050786669292 3 -2.58311833679066 -0.651853808481611 -0.698167625142457 -0.684020621599366 "10"
"2015-10-23" 3.35771820282642 124.094890510949 0.042325 70.7472924187726 2015 0.389102225999948 23.3690472103301 3 -3.72818415495997 -0.723742429287664 -0.65201257914314 -0.885964493626871 "10"
"2015-10-25" 2.75208314816461 145.5 0.054139 41.927797833935 2015 0.462273180569507 22.0863486850072 3 -2.70072291264394 -0.745011035502092 -0.628004848527773 0.541749980121295 "10"
"2015-10-28" 2.78359701359879 156.916058394161 0.012923 49.2346570397112 2015 0.508547248895716 21.9844439067538 3 -2.52808664012439 -0.909092274632229 -0.392869930912562 0.282157616456248 "10"
"2015-10-29" 2.03016398542352 139.13503649635 0.010409 49.2202166064982 2015 0.453921944826775 22.6901583141751 3 -3.37526257542218 -0.864749123862543 -0.490732219308824 0.541745948861719 "10"
"2015-10-30" 2.0114045418185 159.824817518248 0.0370286666666667 36.6317689530686 2015 0.52489134784454 23.8087296258836 3 -2.45387013164926 -0.786240488456379 -0.558018723533023 1.11124240772692 "10"
"2015-11-01" 2.58533685894587 168.613138686131 0.0303453333333333 56.1046931407942 2015 0.56113898301513 20.37698369556 3 -2.35415404506518 -0.771012203634847 -0.520427637335861 0.167904594219627 "11"
"2015-11-22" 2.62082814860901 118.875912408759 0.009594 59.9638989169675 2015 0.450184060489227 20.2511107278249 3 -3.51682980691078 -0.877561121696619 -0.465812481846713 0.0293004438092433 "11"
"2015-11-23" 3.40881921606968 142.251824817518 0.005607 57.6967509025271 2015 0.541551662127375 19.5593646216014 3 -2.33150262194573 -0.965985249891492 -0.29753924533051 -0.0885455013903367 "11"
"2015-11-24" 3.14852013154386 138.514598540146 0.045649 51.1768953068592 2015 0.530042131517797 19.8477773590693 3 -2.3605258657531 -0.782041443831557 -0.537799813899487 0.275833682697536 "11"
"2015-11-27" 2.6002855301751 125.204379562044 0.011797 51.6245487364621 2015 0.486173214601931 21.4855549978831 3 -3.0503250442198 -0.903238170955417 -0.426488872285575 0.425055475661186 "11"
"2015-11-28" 2.85839592036263 127.13503649635 0.084667 65.1913357400722 2015 0.49594545494875 21.2017454873948 3 -3.09761998464161 -0.505399452212018 -0.875944451545206 -0.162997377916823 "11"
"2015-11-30" 2.5931694960448 144.919708029197 0.0700863333333333 62.5956678700361 2015 0.570287717517172 22.1168248464191 3 -2.58047094469392 -0.560227864951722 -0.772599331938398 0.126914416357713 "11"
"2016-02-01" 3.45355330511667 172.529197080292 0.018323 86.5884476534296 2016 0.603414212058449 21.2420630379329 3 -2.36534734393189 -1.20527009560158 -0.837052519689417 -1.28089823108347 "02"
"2016-03-01" 2.8640392669577 149.299270072993 0.016174 71.9602888086643 2016 0.429577521995401 18.3833328125969 3 -3.57369008755846 -1.24056772666672 -0.916481366943278 -0.828157288963133 "03"
"2016-03-05" 3.30212511356837 163.620437956204 0.042517 62.898916967509 2016 0.459127307639928 17.0171424699208 3 -2.82177484476867 -1.18661518987682 -0.966618017552041 -0.650631765977717 "03"
"2016-03-06" 2.81692778159417 151.583941605839 0.039383 70.2202166064982 2016 0.422754296482035 16.0160312993186 3 -3.55700404624583 -1.13062971673511 -1.05327839950129 -0.770018946592189 "03"
"2016-03-08" 3.73546324816629 173.952554744526 0.017456 65.1985559566787 2016 0.479316692473702 16.9704757720705 3 -2.48757769450775 -1.32945674056328 -0.771678782436744 -0.933850872275155 "03"
"2016-03-20" 2.81820750326855 198.576642335766 0.015304 65.1552346570397 2016 0.511764722270613 18.4161901019868 3 -2.55309148401779 -1.25131911850825 -0.848395733348593 -0.660829801967644 "03"
"2016-03-30" 2.40823675404968 193.846715328467 0.02607 54.826714801444 2016 0.476239659205958 19.0350788661412 3 -2.75366637691476 -1.21473315000026 -0.930903583055732 -0.164785781079777 "03"
"2016-03-31" 3.55332173643273 175.616788321168 0.017867 71.5776173285198 2016 0.429569747736042 16.4153964027526 3 -3.0319763887903 -1.27859673423619 -0.848595980379022 -1.27278896457874 "03"
"2016-04-02" 2.65629778181576 195.270072992701 0.041761 64.2779783393502 2016 0.473589173902863 17.7706345300826 3 -2.84911635688303 -1.11335467703577 -1.03678336278497 -0.643030020158924 "04"
"2016-04-11" 2.12701376116294 196.28102189781 0.024957 54.7653429602888 2016 0.459809668462201 19.4450789557563 3 -2.97723757312256 -1.1947422776744 -0.964882079562018 -0.120426373163615 "04"
"2016-05-05" 2.69157045671106 212.850364963504 0.173418 54.0830324909747 2016 0.467199366245619 21.4117455104041 3 -2.36027672231072 -0.515758706829753 -1.76054978123979 -0.355583119560087 "05"
"2016-05-25" 2.6321825071465 216.164233576642 0.038299 50.1841155234657 2016 0.461163163778218 21.1538090932937 3 -2.45119115035548 -1.18410866288433 -0.966285638299707 -0.273784442868975 "05"
"2016-05-26" 2.31934872692623 211.423357664234 0.0134615 43.870036101083 2016 0.450639243076679 21.1319044203985 3 -2.5800662170689 -1.31064203302093 -0.834693030587301 0.0884886422148854 "05"
"2016-09-12" 2.65634764110178 182.248175182482 0.166108 66.8303249097473 2016 0.455169164377854 24.9457138000973 3 -2.99188801182371 -0.502799569130872 -1.78106721021449 -0.654936139538331 "09"
"2016-10-03" 2.00592217519445 155.890510948905 0.029352 79.7581227436823 2016 0.433462725644644 24.008570988973 3 -4.09524957282958 -1.0635929642615 -1.12328034829434 -0.831864655633324 "10"
"2016-10-14" 2.52798767921643 173.671532846715 0.0444236666666667 62.3646209386282 2016 0.516225260895358 24.1412692751203 3 -2.75205793967585 -1.11182063621221 -1.03449612538546 -0.232277758671861 "10"
"2016-10-23" 3.03199304185964 156.28102189781 0.050231 59.7075812274368 2016 0.492404234772196 23.9869834960453 3 -2.7129087992494 -1.14684791212222 -1.01042418617334 -0.265240849397558 "10"
"2016-10-26" 2.56478383229552 131.42700729927 0.0260745 74.6462093862816 2016 0.422388949242089 19.6365075035701 3 -3.9509802951293 -1.16336958547233 -1.02209869091639 -0.703809853079356 "10"
"2016-11-05" 3.0544131008044 148.762773722628 0.046211 56.5740072202166 2016 0.510733778172875 21.9320629210699 3 -2.57005341758734 -1.18796159306436 -0.960619053516177 -0.0432830568960231 "11"
"2016-11-23" 2.28774347951337 143.054744525547 0.079691 62.6317689530686 2016 0.546685713323438 16.5606346357436 3 -2.87113264254572 -0.936131369164266 -1.2500132126438 0.178861327412799 "11"
"2016-11-24" 1.8093990294059 126.178832116788 0.010695 72.5740072202166 2016 0.484633944549403 16.9209519454411 3 -3.93278547829455 -1.18971484308638 -0.976419847099013 -0.111789318188395 "11"
"2016-11-28" 2.57239014337315 135.14598540146 0.0465346666666667 60.0252707581227 2016 0.528935765692613 19.5511105855306 3 -2.87377314823231 -1.13710648791083 -1.0216577182809 0.162810359959948 "11"
"2016-12-09" 2.53447492631906 142.372262773723 0.053227 79.4765342960289 2016 0.578921173790585 20.921269325983 3 -2.98414989768613 -1.00676923828461 -1.12417388408828 -0.484836098567833 "12"
"2016-12-15" 1.80499479247457 126.445255474453 0.006692 39.129963898917 2016 0.519810793439749 20.1938091459728 3 -2.91089842376485 -1.37006068258285 -0.789767022862784 1.2992113304913 "12"
"2016-12-20" 2.12876437609413 128.675182481752 0.070342 43.7400722021661 2016 0.530658902450372 16.6844440679702 3 -2.71135361896561 -1.06528194674952 -1.1385197378676 1.03348944648003 "12"
"2016-12-21" 1.79378199304186 123.63503649635 0.115199 69.4981949458484 2016 0.509857556503734 16.9253963478028 3 -3.61618036027831 -0.697600695882012 -1.56050355536008 0.148117029426498 "12"
"2016-12-24" 2.23115318988632 116.711678832117 0.091875 92.043321299639 2016 0.480619082338714 16.990475779488 3 -4.20365719932736 -0.742417968244579 -1.48759963805799 -0.94858828036322 "12"
"2016-12-28" 2.1034192390365 131.879562043796 0.090521 54.7436823104693 2016 0.540371917643774 18.699682129754 3 -2.8822989438051 -0.911211096244385 -1.30209385430886 0.626086537923937 "12"
