"Date" "pv" "ghidfm" "Mean" "cfcdfm" "Year" "Kt" "taxdfm" "km" "PC1" "PC2" "PC3" "PC4" "Month"
"2014-01-04" 3.16170148788311 145.229927007299 0.013873 33.5487364620939 2014 0.585572317751083 18.9184123296586 8 -1.57619030988537 -0.572193313119359 0.128380763471703 1.07640664789271 "01"
"2014-01-13" 3.5673835085531 164.912408759124 0.0711865 54.7870036101083 2014 0.641941252236975 19.7331741423834 8 -1.3273487582376 -0.218484688240286 -0.224253656587663 0.13380096108619 "01"
"2014-01-20" 3.34636159123307 156.036496350365 0.0637845 36.4512635379061 2014 0.58580547439043 17.9701583158402 8 -1.42244817848946 -0.325692775225849 -0.154948735360189 0.831795254622343 "01"
"2014-01-24" 3.43591856735567 146.894160583942 0.018264 41.115523465704 2014 0.538752610934921 16.3846028626911 8 -1.90270782617069 -0.534929538741908 0.0764931519438324 0.524167106162255 "01"
"2014-01-25" 4.025113595866 157.105839416058 0.016916 41.086642599278 2014 0.572708853862592 17.7766662476555 8 -1.32513798777937 -0.58745327930581 0.168261744185298 0.32244472811933 "01"
"2014-01-27" 4.01058000712758 169.624087591241 0.0583375 36.0216606498195 2014 0.610703400262794 17.7098408048115 8 -0.835263974343725 -0.404234723023806 -0.0340294221736301 0.563381570101538 "01"
"2014-01-30" 3.8090141660727 152.003649635037 0.118328 50.057761732852 2014 0.536851466068649 15.614444077961 8 -1.8044132336345 -0.0345735953103107 -0.50461435924733 0.0247041563540719 "01"
"2014-02-01" 2.98662464362081 150.394160583942 0.016603 36.2815884476534 2014 0.524244178546686 18.2853963640001 8 -2.07457886829152 -0.525769953114657 0.0482820466174376 0.818110937593049 "02"
"2014-02-17" 4.69206053991447 184.821167883212 0.054225 51.6931407942238 2014 0.577710511832579 16.1380949550205 8 -0.979321033675304 -0.397446835608576 -0.0192860597423561 -0.525078438153284 "02"
"2014-02-18" 4.35441910192445 194.890510948905 0.070749 41.2960288808664 2014 0.605044071879822 15.9580948844789 8 -0.631102863138374 -0.334292169897239 -0.0953424593544602 0.0264938309178645 "02"
"2014-02-20" 3.21738016749822 164.839416058394 0.005147 40.3574007220217 2014 0.50484997624034 16.8934915633429 8 -2.0881497826632 -0.573068046667082 0.112199802136377 0.401257875405549 "02"
"2014-02-21" 4.35007573057733 177.36496350365 0.005411 40.4404332129964 2014 0.539559086235402 18.0668250492641 8 -1.22337841442575 -0.661891640136048 0.256052999602153 -0.0298251465731601 "02"
"2014-02-23" 2.76324171418389 192.032846715328 0.034853 37.85559566787 2014 0.576404990587599 17.6163488115583 8 -1.56813411248219 -0.391250394619903 -0.0666952015183722 0.700468479685492 "02"
"2014-02-24" 3.37196520848183 174.51094890511 0.0402385 47.2851985559567 2014 0.520341452543403 17.5779360211085 8 -1.97335594561481 -0.378060764737293 -0.0976424965520222 0.0589660234545911 "02"
"2014-02-25" 4.69463315217391 195.916058394161 0.009667 42.3465703971119 2014 0.580318177066838 16.901428283207 8 -0.702315972899275 -0.653240658781971 0.2817696806017 -0.251000330091458 "02"
"2014-03-05" 4.62746681218817 196.295620437956 0.022254 64.2310469314079 2014 0.552429184201734 17.9830154994177 8 -1.42161547010905 -0.480378978398513 0.0909931133889267 -1.16188037052964 "03"
"2014-03-06" 3.85711421952958 195.580291970803 0.0382156666666667 54.4620938628159 2014 0.547036458309079 18.9323805703057 8 -1.58707455190657 -0.38467036209357 -0.0498307273717561 -0.485613932794042 "03"
"2014-03-08" 3.70024055595153 215.813868613139 0.053878 53.5812274368231 2014 0.596346109539495 20.3457136456929 8 -1.16655806690995 -0.291102824861901 -0.131142757495025 -0.38574054834466 "03"
"2014-03-10" 4.8289602637206 210.740875912409 0.059191 57.884476534296 2014 0.575444081361063 17.2814282538399 8 -0.880250872332601 -0.341657498169143 -0.0630038308350054 -1.01505599273728 "03"
"2014-03-11" 4.73092814504633 214.770072992701 0.089753 55.6209386281588 2014 0.583025378364676 17.6249201638358 8 -0.764433089615765 -0.193899426361319 -0.238807219049726 -0.88378236645471 "03"
"2014-03-21" 4.25659858339273 215.631386861314 0.013896 75.8592057761733 2014 0.554180558833896 18.2804758435204 8 -1.739036301538 -0.424127964936744 0.046218079139769 -1.61236997345175 "03"
"2014-03-23" 4.88263431040627 200.467153284672 0.011596 46.6642599277978 2014 0.510035399336127 17.3166662473527 8 -1.1226962171852 -0.633693137387694 0.236095544384501 -0.734634691320059 "03"
"2014-04-03" 2.71215698503207 213.770072992701 0.0385385 39.9386281588448 2014 0.517262915884231 19.0971425525726 8 -1.85386602700588 -0.345207859099061 -0.135720232551526 0.304958996493185 "04"
"2014-04-15" 4.20969017284391 248.156934306569 0.020062 40.5667870036101 2014 0.57432497751039 20.6104756461249 8 -0.541538612361837 -0.5428508083639 0.166226582489972 -0.389737565258602 "04"
"2014-04-16" 3.65250245010691 242.722627737226 0.020054 61.0072202166065 2014 0.559929968294084 21.8812694549561 8 -1.43692194587551 -0.400383157388383 0.00697213270377736 -0.976047167412237 "04"
"2014-04-21" 3.93572367248753 262.270072992701 0.0451185 48.6353790613718 2014 0.595914935048621 20.8036502807859 8 -0.60374105923892 -0.352962276102841 -0.0360039995936737 -0.628563457788795 "04"
"2014-05-19" 3.01540226300784 276.762773722628 0.08864 56.8628158844765 2014 0.59450525994664 22.3157136402433 8 -1.109884970717 -0.0168678901423037 -0.432019511240724 -0.687007521927395 "05"
"2014-05-23" 4.35149567890235 242.164233576642 0.042279 60.5992779783394 2014 0.517822901432734 20.0992059102134 8 -1.33125350558797 -0.3517575278761 -0.0632305232120533 -1.34409885953257 "05"
"2014-05-24" 4.71435094440485 245.759124087591 0.017117 72.3898916967509 2014 0.524974189668764 20.4774597107418 8 -1.39163755948859 -0.446720353877309 0.0767728280999225 -1.96068062344949 "05"
"2014-06-14" 3.31400347469708 292.875912408759 0.061449 43.6209386281588 2014 0.618454786868419 23.9134915367005 8 -0.404248332780492 -0.230148304812499 -0.170893224294509 -0.342050967689376 "06"
"2014-06-18" 3.01053545972915 265.985401459854 0.037261 48.5884476534296 2014 0.561549425093084 23.3036502353729 8 -1.25443494310059 -0.309928236033984 -0.113383850015938 -0.400237919535108 "06"
"2014-06-19" 2.92302209550962 260.204379562044 0.0237716666666667 35.6425992779783 2014 0.549366075744288 23.241428042215 8 -1.11960985722717 -0.432488635827819 0.00575937624585227 0.140989913629855 "06"
"2014-06-23" 3.81804615110478 280.93795620438 0.0305986666666667 34.9891696750903 2014 0.593453721813307 23.8776184566437 8 -0.227388171315058 -0.469015098523907 0.0917404129492147 -0.198767545548562 "06"
"2014-07-05" 4.14795861546686 237.79197080292 0.0931815 54.7906137184115 2014 0.504904248521837 24.24984060015 8 -1.35171289981326 -0.1166875623894 -0.364109574209655 -1.02496462044631 "07"
"2014-07-09" 4.47696899501069 233.200729927007 0.0105285 50.0758122743682 2014 0.496607815720887 23.6703169080946 8 -1.24976549092653 -0.570724869447377 0.171572294571056 -0.990793549697896 "07"
"2014-07-25" 3.1618295616536 264.773722627737 0.04836 35.9061371841155 2014 0.574233746376389 24.6801581912571 8 -0.792452507797554 -0.330554067024392 -0.0989793861639934 0.0879473502788408 "07"
"2014-09-16" 3.10511515502495 226.616788321168 0.0896543333333333 42.1768953068592 2014 0.575141485178025 26.7853962126232 8 -1.20153947309869 -0.115010170530159 -0.369640002988285 0.162614794454122 "09"
"2014-09-17" 3.12336845153243 225.624087591241 0.0266883333333333 47.913357400722 2014 0.575311571429746 26.2528566632952 8 -1.40270822551975 -0.395676020098372 -0.025383429927435 -0.08505225233255 "09"
"2014-09-23" 3.74298378474697 218.981751824818 0.0248026666666667 33.0938628158845 2014 0.575107528500094 24.9117454952664 8 -0.794563061004922 -0.531405065431841 0.120970487744072 0.301465131078743 "09"
"2014-09-27" 3.97911840698503 225.686131386861 0.043676 48.173285198556 2014 0.605296376791362 25.3271422915989 8 -0.781617334513148 -0.385304534152735 -0.0126389121701439 -0.331992592295529 "09"
"2014-09-30" 4.64115400035638 219.828467153285 0.0240706666666667 37.7725631768953 2014 0.59934804230909 24.5971423255073 8 -0.308028699959296 -0.588951787238726 0.219520533968404 -0.164361516665616 "09"
"2014-10-01" 4.3823948681397 205.478102189781 0.0331963333333333 41.1696750902527 2014 0.563367302676107 24.2839675479465 8 -0.839511809296846 -0.512464639720512 0.104622775109803 -0.19534185549215 "10"
"2014-10-02" 3.7155425873129 211.302919708029 0.0795326666666667 36.158844765343 2014 0.58262442972645 25.9241263979957 8 -0.833079627045523 -0.252761943659691 -0.20987921762273 0.291714931797766 "10"
"2014-10-05" 4.40733584283678 197.689781021898 0.039076 41.6353790613718 2014 0.55461461143423 25.7395232367137 8 -0.944685140489999 -0.487447455984792 0.0672689838028378 -0.190001990757794 "10"
"2014-10-07" 4.23017083927299 188.116788321168 0.0155123333333333 42.5162454873646 2014 0.534038711055241 24.6487295665438 8 -1.27759403276311 -0.58692105206415 0.170726694808579 -0.155822568006 "10"
"2014-10-11" 3.28812143620813 191.390510948905 0.0199136666666667 36.5234657039711 2014 0.556690651976238 23.9860311992585 8 -1.4236951542779 -0.513987812826336 0.0756052493768065 0.489231214814669 "10"
"2014-10-12" 3.30233205630791 177.288321167883 0.009447 46.5812274368231 2014 0.518875894152383 21.4092058151487 8 -2.01177017147347 -0.523695803571634 0.075959176079454 0.0770777937402616 "10"
"2014-10-15" 4.03352748574483 216.423357664234 0.038415 50.4043321299639 2014 0.645462856432957 23.989047005063 8 -0.628134464120693 -0.41134644978776 0.0362210579220035 -0.254959536946187 "10"
"2014-10-16" 3.67212557911618 193.35401459854 0.049666 41.6859205776173 2014 0.580341235989065 24.711904132177 8 -1.16448408817551 -0.377086461577441 -0.0644539318216217 0.205675203827499 "10"
"2014-10-25" 3.60928590520314 197.171532846715 0.136626 61.5451263537906 2014 0.627531015882034 25.5666661943708 8 -1.25537533720075 0.145763903512331 -0.640546057718244 -0.401017104039915 "10"
"2014-10-29" 3.22596111012117 157.102189781022 0.008345 40.4043321299639 2014 0.513432628067837 23.4836503740341 8 -2.08416940396923 -0.562423806692556 0.0994664893390186 0.47953126228367 "10"
"2014-10-30" 3.48227013542409 168.51094890511 0.0196405 31.1046931407942 2014 0.554382111395727 23.0934915088472 8 -1.38073298153215 -0.569418342453011 0.123593201102772 0.786440351532166 "10"
"2014-10-31" 3.47961399679259 179.295620437956 0.014122 49.5992779783394 2014 0.593783816280135 23.5607930894882 8 -1.50443429332616 -0.503667791861817 0.094592896163325 0.100307589790975 "10"
"2014-11-02" 4.24727704027085 176.211678832117 0.143543 44.2238267148014 2014 0.591336885080401 23.9557138019138 8 -0.901172905488709 0.0333922892660295 -0.550050842223853 0.0773107365986176 "11"
"2014-11-08" 3.81065685138988 164.445255474453 0.0659595 40.5415162454874 2014 0.573861387623463 22.6709518583994 8 -1.30471286761833 -0.329835537008973 -0.139594541147452 0.395345113275198 "11"
"2014-11-09" 3.85370634354954 164.905109489051 0.01619 40.4945848375451 2014 0.579155816698101 22.060316978939 8 -1.29783003131297 -0.575568061798693 0.158280432939391 0.373899638286637 "11"
"2014-11-10" 3.39142128474697 158.722627737226 0.008808 43.7039711191336 2014 0.560989282962404 21.456031239222 8 -1.76948743865969 -0.559551287777241 0.125859617744322 0.416145376432232 "11"
"2014-11-14" 3.38579160727014 172.813868613139 0.030238 36.8808664259928 2014 0.626117906896518 23.1842852547055 8 -1.07095160538169 -0.482996650321931 0.0627461491701182 0.784020916595325 "11"
"2014-11-17" 3.03103839985745 148.675182481752 0.009215 41.8772563176895 2014 0.548347534942131 20.8320629483178 8 -2.05534917177708 -0.540601144218151 0.0847474909360996 0.663545051480629 "11"
"2014-11-24" 3.69417097291518 150.543795620438 0.04059 40.1083032490975 2014 0.576837718062126 19.0134915851411 8 -1.46105356079038 -0.452752175665451 -0.000355405622108455 0.558500110218793 "11"
"2014-11-25" 3.89684493050606 161.872262773723 0.0322165 37.3610108303249 2014 0.623341512349913 20.0336503377036 8 -0.927546539331567 -0.519772286607921 0.10669869820186 0.639572207656388 "11"
"2014-11-26" 3.63774612437634 147.905109489051 0.0178845 48.7328519855596 2014 0.572323107114537 19.131904397692 8 -1.76772211024053 -0.518294262400352 0.0859073548963835 0.240307187094257 "11"
"2014-12-04" 3.51783566464718 148.883211678832 0.007293 46.8339350180505 2014 0.595614601084822 18.9428567356533 8 -1.63762178450713 -0.569225373938309 0.154322176612916 0.419237167103311 "12"
"2014-12-07" 3.5040426764077 156.189781021898 0.0296385 61.1552346570397 2014 0.630907107456721 17.8201583604964 8 -1.68869311574723 -0.388698553060622 -0.0220221423130331 -0.0754863305072026 "12"
"2014-12-10" 3.33143264433357 158.715328467153 0.0856685 42.9350180505415 2014 0.646210009429632 19.9355551250397 8 -1.16136170594283 -0.188271947268915 -0.281149875897605 0.752524961928213 "12"
"2014-12-14" 3.4355454828938 143.576642335766 0.0392815 47.4657039711191 2014 0.589098038667712 16.0087297984532 8 -1.73967934019913 -0.406278667882629 -0.0471516581796272 0.458119833588913 "12"
"2014-12-16" 3.53748663578047 140.197080291971 0.015367 39.4657039711191 2014 0.576718027728356 18.2057138170515 8 -1.62543764728776 -0.570582408015669 0.132455051037038 0.710245559918756 "12"
"2014-12-22" 3.50272295972915 156.857664233577 0.139247 45.6101083032491 2014 0.646847787566477 18.1353963821653 8 -1.09509093741196 0.0694761438052488 -0.585087455204072 0.617358176922177 "12"
"2014-12-28" 2.95743496079829 153.554744525547 0.081508 36.1263537906137 2014 0.629738161702819 18.8419043525817 8 -1.3273199216438 -0.211480027564621 -0.277926746504505 1.15112457776667 "12"
"2014-12-29" 2.57265123841768 151.766423357664 0.106985 44.4187725631769 2014 0.62135431338471 19.9961900408306 8 -1.75471127344168 -0.0161285088698577 -0.510436855871139 0.973950531925417 "12"
"2015-01-03" 3.55661163452138 163.613138686131 0.0566035 47.5342960288809 2015 0.662124086460488 15.1373012557862 8 -1.04283940041835 -0.773229271390298 -0.47273048587588 0.473467438136782 "01"
"2015-01-06" 3.660519064972 156.178832116788 0.033491 37.2707581227437 2015 0.626128329949681 16.4888884226481 8 -1.05131622226064 -0.945721551087826 -0.299685064965192 0.773067964847848 "01"
"2015-01-08" 3.00669940449738 151.773722627737 0.041301 34.0649819494585 2015 0.604094300536469 15.9492060040671 8 -1.45815568930776 -0.869291336520224 -0.416668987667295 1.12180139947788 "01"
"2015-01-16" 3.03053061950049 143.857664233577 0.013078 32.5740072202166 2015 0.552516829756586 16.7025393152994 8 -1.82414150859509 -1.01750936097951 -0.269188542584896 1.06456082851005 "01"
"2015-01-17" 3.59595813705448 150.627737226277 0.006671 42.1985559566787 2015 0.575550185680141 16.4009520894005 8 -1.58983882797699 -1.04778868406328 -0.198037294190399 0.485263205364838 "01"
"2015-01-20" 3.71527530886143 153.751824817518 0.007359 45.9386281588448 2015 0.578036845663365 16.9290472098759 8 -1.58192316435334 -1.03510732846027 -0.203730359963802 0.277466355057284 "01"
"2015-01-21" 3.75261087903298 153.518248175182 0.004507 55.9747292418773 2015 0.573907987842294 18.0946027172936 8 -1.83567918307183 -1.00408110186597 -0.228664377850653 -0.141217313679286 "01"
"2015-01-23" 3.75393853879655 159.751824817518 0.0406365 38.8050541516245 2015 0.590308241180709 18.4582535198757 8 -1.23507976616154 -0.908138729026041 -0.356358391130291 0.54673580311663 "01"
"2015-01-24" 3.79296840280864 144.328467153285 0.004842 45.5090252707581 2015 0.530143764090958 18.28174554734 8 -1.90782510239704 -1.05880143319339 -0.20251301032099 0.189619031695878 "01"
"2015-01-25" 3.40546951382099 148.675182481752 0.0451715 53.8447653429603 2015 0.542809634436091 18.1204757311987 8 -2.14405203610186 -0.788534929918174 -0.511636626415545 0.0351883444423663 "01"
"2015-01-28" 4.1238167718425 175.452554744526 0.041351 52.5523465703971 2015 0.628706380984182 17.8269837394593 8 -1.0257815272175 -0.863608672445564 -0.359631786360012 -0.134893443733232 "01"
"2015-01-30" 3.5643442805084 176.729927007299 0.0115105 30.014440433213 2015 0.625204846370329 17.8825393101526 8 -0.802341765797252 -1.06838409482048 -0.153178020643913 0.932540515932646 "01"
"2015-02-13" 4.63419362723314 188.189781021898 0.02694 39.6859205776173 2015 0.605665763561506 15.9984124123104 8 -0.533606255730418 -1.03058560796681 -0.174749581867985 0.00292490766245118 "02"
"2015-02-15" 4.40753599680029 206.766423357664 0.019452 48.3754512635379 2015 0.656373050712376 18.1325392647395 8 -0.40496000425776 -0.998815631252138 -0.169843188862759 -0.236965969313598 "02"
"2015-02-16" 4.09618589458715 184.875912408759 0.008436 43.0974729241877 2015 0.582872955730258 18.6198407581874 8 -1.06713028283672 -1.05957736903858 -0.15449282077616 0.0276244026086974 "02"
"2015-02-17" 4.66120789263177 187.602189781022 0.008071 37.2202166064982 2015 0.587435774499122 18.092380508544 8 -0.600370649464742 -1.13588309993979 -0.060430993953097 0.0317271254605261 "02"
"2015-02-18" 4.62644987112257 178.343065693431 0.010487 56.7220216606498 2015 0.554645106939249 17.0499996457781 8 -1.35875573816345 -1.03139037051127 -0.179610535272164 -0.746406425902335 "02"
"2015-02-21" 4.36421207003822 190.302919708029 0.037517 37.2310469314079 2015 0.579926985280147 15.9430155413491 8 -0.743046139901087 -0.965938057103331 -0.26998923495759 0.115634507868918 "02"
"2015-02-23" 4.07174362278909 183.21897810219 0.008846 47.9205776173285 2015 0.550901261123924 18.743809079367 8 -1.40880820038694 -1.03195560194771 -0.197164381332965 -0.234410620052132 "02"
"2015-03-02" 4.39522042485113 213.529197080292 0.057572 59.3212996389892 2015 0.613362442429339 18.0812695972503 8 -0.856417896237905 -0.754806642658158 -0.46402388868178 -0.823335617197888 "03"
"2015-03-03" 4.4738412141143 212.20802919708 0.10841 80.0685920577617 2015 0.605716352545743 18.7344440732683 8 -1.32133498544016 -0.415525924453085 -0.845517408066703 -1.65901363172688 "03"
"2015-03-25" 3.8712725535508 197.361313868613 0.015476 62.115523465704 2015 0.497892200448535 16.1849203261118 8 -2.07276259418623 -0.90531660054114 -0.349182954937452 -0.970665833535334 "03"
"2015-03-26" 4.6408763665452 211.759124087591 0.013933 51.6209386281588 2015 0.53165405011403 16.8709520082625 8 -1.1258989717055 -1.0218508202547 -0.190695921036696 -0.864372980282039 "03"
"2015-03-28" 4.68329481823838 251.065693430657 0.007983 36.5379061371841 2015 0.624451728009859 19.2133329482306 8 0.125647598619516 -1.10996137595237 -0.0405747251150537 -0.304842380627219 "03"
"2015-03-29" 5.19174406719403 248.127737226277 0.021025 43.3393501805054 2015 0.614324356283679 19.1646027640691 8 0.139596308573638 -1.05804020617307 -0.0934154227562603 -0.771806094792014 "03"
"2015-04-02" 4.86759510265754 270.251824817518 0.043947 71.5992779783393 2015 0.657445331865342 19.7944439025152 8 -0.240103124891916 -0.774511697871414 -0.366227824519683 -1.7762768660009 "04"
"2015-04-07" 4.13644342725091 227.525547445255 0.022649 45.0324909747292 2015 0.542388508976895 19.8236501935929 8 -1.02236294761751 -0.960687075984819 -0.26591201764293 -0.491160761257156 "04"
"2015-04-08" 2.82733201493201 225.091240875912 0.016998 36.1516245487365 2015 0.534531304394781 19.1496820752583 8 -1.5241653714073 -0.921121434585086 -0.347010745942995 0.356439428135937 "04"
"2015-04-09" 4.31255555061772 248.86496350365 0.022077 34.3357400722022 2015 0.588768275003339 19.1015868868147 8 -0.230032056908036 -1.02033438021049 -0.173676154280519 -0.159585559871673 "04"
"2015-04-12" 2.63104390720825 223.259124087591 0.024128 47.2815884476534 2015 0.5224897814433 19.1401582748171 8 -1.97001760185606 -0.817138896751211 -0.46541884229018 -0.0224166386937609 "04"
"2015-04-14" 3.9543984979113 255.456204379562 0.016147 33.9458483754513 2015 0.593745122127252 19.6187296973334 8 -0.322748830192299 -1.01758954473315 -0.176095947459508 -0.0410857407089983 "04"
"2015-04-18" 3.19623811216781 235.28102189781 0.019422 49.3429602888087 2015 0.539844831933255 20.0652375902448 8 -1.54963005733393 -0.872310025243706 -0.374707768399074 -0.36053590294453 "04"
"2015-04-20" 5.22641876277664 239.025547445255 0.020475 53.4657039711191 2015 0.545137863757572 19.4255552443247 8 -0.591307914580316 -1.01699818042904 -0.165603696491143 -1.3208113044953 "04"
"2015-04-25" 3.71933605901698 271.273722627737 0.013984 32.7039711191336 2015 0.610142783596087 20.928729783921 8 -0.190911132931529 -1.00667571685877 -0.177609852123573 0.0308277188129333 "04"
"2015-04-27" 3.33423140165319 280.656934306569 0.017298 31.8808664259928 2015 0.628034472867223 20.9996820631481 8 -0.174668156988239 -0.957901136713768 -0.228590630790188 0.198245083647502 "04"
"2015-05-05" 4.40708048173496 266.879562043796 0.0519175 39.8194945848375 2015 0.586599903715705 22.0971423557826 8 -0.165947383588566 -0.847581395600446 -0.363374029657732 -0.537772511028237 "05"
"2015-05-25" 3.55492845080437 247.186131386861 0.0310133333333333 51.1335740072202 2015 0.527677598176219 20.686031326415 8 -1.39431334470714 -0.830943260580759 -0.416644183082306 -0.688750271685595 "05"
"2015-05-27" 3.66621855835037 262.733576642336 0.059309 44.4620938628159 2015 0.559837742909005 21.2306345530919 8 -0.832560783116169 -0.727983558073858 -0.524446232522324 -0.478360528203982 "05"
"2015-05-28" 4.46244778241934 270.773722627737 0.053786 48.2671480144404 2015 0.576478691092105 21.7950790041969 8 -0.375351094112838 -0.800320058633996 -0.41033386982027 -0.947598078890677 "05"
"2015-06-06" 3.49168407252689 260.149635036496 0.150392 45.5992779783394 2015 0.550689803731128 23.1803170461503 8 -0.92672330344876 -0.266097928215645 -1.08461192205467 -0.428704601261833 "06"
"2015-06-10" 2.7364900897698 278.98905109489 0.01377 49.4007220216606 2015 0.589689893713705 22.0190471467518 8 -1.14716190418583 -0.840093592484073 -0.372033861705345 -0.358320179743298 "06"
"2015-06-11" 3.40621944716025 262.197080291971 0.0440896666666667 46.1227436823105 2015 0.55404501703144 22.7926978913565 8 -1.05645936350858 -0.772113870211356 -0.475495972832444 -0.461540172712356 "06"
"2015-06-12" 4.55043440583059 275.211678832117 0.056602 44.3393501805054 2015 0.581408654094683 22.0749201850286 8 -0.17116341095634 -0.810732902967767 -0.397465834471711 -0.844873116219654 "06"
"2015-06-13" 3.88163274375611 251 0.0325983333333333 49.3971119133574 2015 0.53015447180835 22.455555022709 8 -1.14712121037852 -0.857217543814509 -0.380229792727702 -0.767560714981239 "06"
"2015-06-14" 3.91730735045774 272.788321167883 0.0367776666666667 38.7111913357401 2015 0.576083055551808 21.5580947966803 8 -0.418491478707786 -0.881621941676456 -0.331966954048297 -0.384736210962341 "06"
"2015-07-02" 4.14513154386277 270.113138686131 0.053687 36.0216606498195 2015 0.572434608357722 25.0438089522104 8 -0.267053662417072 -0.832750998237085 -0.394591963825088 -0.352766401621194 "07"
"2015-08-01" 3.81702182028264 253.379562043796 0.0446405 41.4981949458484 2015 0.555652849321941 25.6603169819665 8 -0.797721695582002 -0.830858717002417 -0.410303272017332 -0.370486775765352 "08"
"2015-08-02" 3.65504177406453 271.29197080292 0.045191 36.6678700361011 2015 0.596028425903442 26.2466660151406 8 -0.37406878798016 -0.830014547593458 -0.391396232157518 -0.129514209722382 "08"
"2015-08-20" 4.37988845435961 230.554744525547 0.102673666666667 72.9386281588448 2015 0.528390726894657 25.8528565603589 8 -1.55622750226294 -0.456691524413248 -0.833603304977912 -1.71043735794355 "08"
"2015-08-21" 4.92167362901075 269.14598540146 0.0723705 66.7111913357401 2015 0.618622280031518 26.3565073164683 8 -0.319708597132643 -0.66320854297158 -0.524602297369242 -1.70271208113069 "08"
"2015-09-07" 3.35122433561461 236.594890510949 0.038543 33.086642599278 2015 0.576795767691091 26.6241263435 8 -0.819658239311886 -0.871071299471996 -0.378656266637965 0.322797018517675 "09"
"2015-09-08" 4.66606301662075 241.857664233577 0.04614325 34.043321299639 2015 0.592023158195585 26.0126978253561 8 -0.055208272109606 -0.93837341131704 -0.270189702551168 -0.215131388558686 "09"
"2015-09-14" 3.41366878499689 215.065693430657 0.0293705 34.8592057761733 2015 0.540183363864976 25.9068247779967 8 -1.23036441101524 -0.92208899949671 -0.343052232380393 0.274448215692558 "09"
"2015-09-15" 2.97152475335526 209.120437956204 0.02288825 36.7653429602888 2015 0.52763680911901 25.9155550759936 8 -1.62262073045476 -0.909746348363956 -0.369848953085499 0.375185742338865 "09"
"2015-09-16" 2.64060972358013 214.580291970803 0.03419275 38.0180505415162 2015 0.543909302748367 26.4890470958891 8 -1.66030944771072 -0.818757460286029 -0.470780038936394 0.46734969522211 "09"
"2015-09-22" 3.69532708203715 201.397810218978 0.12260125 62.6425992779783 2015 0.525527892497246 28.3353960854667 8 -1.85518348644282 -0.366389889615366 -0.981747403719077 -0.829481903207215 "09"
"2015-09-27" 4.20179317394009 213.762773722628 0.03175425 53.3574007220217 2015 0.572491838324127 24.480951748197 8 -1.09151189513157 -0.8906076973991 -0.330909392918895 -0.648234489654418 "09"
"2015-09-29" 2.42656763843214 181.678832116788 0.0334626666666667 36.3610108303249 2015 0.491875860944217 24.0617454468258 8 -2.29605177972015 -0.82708184459014 -0.507944354433245 0.701031597752108 "09"
"2015-10-01" 3.93548351257666 222.481751824818 0.010444 57.4657039711191 2015 0.609070613251264 25.2020628490145 8 -1.04816888288775 -0.949103446569 -0.236539738169755 -0.668681899286061 "10"
"2015-10-07" 3.53119722691316 199.343065693431 0.03240375 36.072202166065 2015 0.565010900822455 25.7730152796185 8 -1.15702044717888 -0.920717478675898 -0.338368873596864 0.371623664068215 "10"
"2015-10-08" 3.75452182028264 205.704379562044 0.026996 56.4332129963899 2015 0.586540054608305 25.1641264415923 8 -1.36001879373994 -0.866103805347257 -0.359386746885176 -0.495955030163217 "10"
"2015-10-10" 3.45582614878677 206.259124087591 0.0243226666666667 37.0974729241877 2015 0.59529403337618 27.3860311054048 8 -0.985061478355394 -0.946430650650618 -0.289110186772236 0.397177572897615 "10"
"2015-10-17" 3.48956759399165 193.948905109489 0.0467535 37.6534296028881 2015 0.584871384488748 25.5731740527683 8 -1.11441946310252 -0.843566535988769 -0.42280093099224 0.430030535481941 "10"
"2015-10-18" 3.83591458537019 193.102189781022 0.0275426666666667 40.0469314079422 2015 0.586072087380313 25.8287295992412 8 -1.02089429538179 -0.955197932336581 -0.281191461205123 0.204479669588368 "10"
"2015-10-19" 3.28109723580126 162.339416058394 0.056433 46.072202166065 2015 0.495898618576121 22.6096820377168 8 -2.20270177677422 -0.751338900600185 -0.583198823671954 0.152013011578062 "10"
"2015-10-21" 3.34684694693805 172.094890510949 0.047985 37.4981949458484 2015 0.532580850164836 23.3003169619848 8 -1.66992348452377 -0.835426593400458 -0.470903977678623 0.496364967143192 "10"
"2015-10-26" 3.04955670607057 182.200729927007 0.03923 28.6281588447653 2015 0.582717491730517 22.2228565518818 8 -1.22077009112664 -0.892195159129383 -0.38981231911565 1.03053023778223 "10"
"2015-10-27" 3.45981468313928 173.350364963504 0.03502 44.5992779783394 2015 0.558096453820085 22.5269835487245 8 -1.62840096223769 -0.874459230554795 -0.40021248405417 0.236610949665485 "10"
"2015-11-02" 4.07210470180428 176.700729927007 0.0332395 35.2274368231047 2015 0.591953087576571 21.5731741663009 8 -0.866252681742329 -0.979270642556151 -0.262112313746242 0.441141488344723 "11"
"2015-11-03" 3.62233912541107 181.313868613139 0.039777 28.173285198556 2015 0.611424564264519 21.5636504718236 8 -0.753504299711801 -0.941717892033356 -0.310886409425774 0.918225862480717 "11"
"2015-11-09" 3.31806061683406 190.715328467153 0.150705333333333 49.9530685920578 2015 0.668686613014382 23.9426980094304 8 -0.879261855019478 -0.270353284451481 -1.0576928470651 0.328318294583958 "11"
"2015-11-10" 3.83045395964803 195.832116788321 0.135907333333333 48.2743682310469 2015 0.691005112945597 23.2131741690257 8 -0.424657865906507 -0.39181104493769 -0.894716559374302 0.218472982477092 "11"
"2015-11-21" 3.92635654608479 163.496350364963 0.059339 31.7364620938628 2015 0.615840019803963 22.1077772473532 8 -0.772225971497322 -0.864722749486379 -0.402020930323845 0.812001634933327 "11"
"2015-11-25" 3.56707737090036 146.014598540146 0.056042 53.2743682310469 2015 0.561550140867413 19.3630153943622 8 -1.94077054986377 -0.754250714349478 -0.544147912003777 0.074206121957782 "11"
"2015-11-26" 3.41266887387788 143.967153284672 0.0654393333333333 45.2093862815885 2015 0.556384918946417 21.0384120865474 8 -1.86038516455811 -0.734956448675939 -0.583890814517282 0.452758790311684 "11"
"2015-12-09" 3.47936294551595 163.536496350365 0.0687906666666667 56.2851985559567 2015 0.663756122443265 20.1595233886961 8 -1.26856119057984 -0.665754759795353 -0.589755931857567 0.171242714088235 "12"
"2015-12-10" 3.47130255088437 162.912408759124 0.105843333333333 43.3826714801444 2015 0.662874479183861 19.4265074805608 8 -0.933630673510591 -0.54696415396194 -0.75088302103945 0.695079966522824 "12"
"2015-12-13" 2.68992756199449 144.737226277372 0.152316 49.187725631769 2015 0.592617590956126 21.3330154570322 8 -1.98471739888314 -0.233891832407867 -1.17084969249252 0.712925846698786 "12"
"2015-12-15" 3.42558994756022 166.824817518248 0.138297666666667 46.6823104693141 2015 0.685188226030954 22.4817455988082 8 -0.831674030583318 -0.368518347238651 -0.948287219038276 0.633897892962104 "12"
"2015-12-16" 3.48064060972358 165.766423357664 0.0789256666666667 47.5342960288809 2015 0.68168405474396 24.3360313082498 8 -0.917307785633185 -0.658048920206136 -0.601450872915121 0.553906879266811 "12"
"2015-12-21" 3.38599902230913 139.412408759124 0.051956 41.1371841155235 2015 0.574968684973659 19.1363487470718 8 -1.70563779744827 -0.820877609171643 -0.48054920202862 0.705919820661119 "12"
"2016-01-05" 2.67717774281472 130.313868613139 0.019016 40.5992779783394 2016 0.524583099601083 19.9171423230852 8 -2.44714688304979 -1.3748945259086 -0.766700267076514 0.893883552031022 "01"
"2016-01-06" 3.58744210782902 161.160583941606 0.0412986666666667 32.6137184115523 2016 0.646635355297337 19.6742852983021 8 -0.788215545110054 -1.37072004244162 -0.697398552068067 0.998882503308942 "01"
"2016-01-07" 3.08348106455116 151.839416058394 0.0441083333333333 31.3465703971119 2016 0.607127093568655 19.84126944769 8 -1.31986365030743 -1.32377547319767 -0.785328644726821 1.19572971021116 "01"
"2016-01-08" 3.44521018459016 155.087591240876 0.0526296666666667 22.2382671480144 2016 0.617854127524203 20.2355550887093 8 -0.823015343477686 -1.35518455600667 -0.748936111020748 1.42300039318509 "01"
"2016-01-09" 2.92447426152857 132.967153284672 0.024891 31.6425992779783 2016 0.527701493200423 19.6131742114112 8 -2.06526614245754 -1.40877173658598 -0.73246437839512 1.14032620951289 "01"
"2016-01-10" 2.57907682761983 143.277372262774 0.041073 25.2851985559567 2016 0.566343377145102 19.9726979694669 8 -1.74510091485496 -1.32767161501425 -0.819113929308838 1.56867494352041 "01"
"2016-01-12" 3.51724577304053 166.42700729927 0.058882 53.5667870036101 2016 0.652259570520702 20.2404757302905 8 -1.23379137933342 -1.17666490080229 -0.89653993316999 0.191477726197928 "01"
"2016-01-13" 3.65184368559842 172.711678832117 0.066468 40.5776173285199 2016 0.673843153349522 22.7574597918798 8 -0.665143327242087 -1.21089986752732 -0.858227436069325 0.668388114029671 "01"
"2016-01-16" 3.76608792962085 173.189781021898 0.079021 50.8014440433213 2016 0.666009684161355 21.8520630125015 8 -0.887747188746118 -1.11006213416176 -0.967009315848308 0.202150757918956 "01"
"2016-01-17" 3.63998825536818 171.649635036496 0.0618675 45.6931407942238 2016 0.656723459811495 20.9049202298361 8 -0.914721517798155 -1.20762122599036 -0.863850973377772 0.427975682685954 "01"
"2016-01-18" 3.1442373745208 164.598540145985 0.0909343333333333 54.971119133574 2016 0.626452416335635 20.0314280948942 8 -1.59331931272954 -0.9825533075862 -1.14513840599294 0.230075451957999 "01"
"2016-01-22" 3.50529616415893 158.266423357664 0.018902 48.7653429602888 2016 0.589115051072072 20.5823805218651 8 -1.62494905602791 -1.39446405862697 -0.676208602347255 0.240477303693311 "01"
"2016-01-24" 3.20910430562634 171.689781021898 0.090809 62.173285198556 2016 0.63159722938066 20.9287296022688 8 -1.65032137057404 -0.950727707841929 -1.16629752906368 -0.113456918284385 "01"
"2016-01-30" 3.99780619141534 174.675182481752 0.013714 34.086642599278 2016 0.618947366656266 18.7684122267224 8 -0.727283934840655 -1.524128976549 -0.511985901559364 0.590121698829464 "01"
"2016-01-31" 4.0445963613801 178.759124087591 0.0831603333333333 36.2527075812274 2016 0.629315662981788 19.1444440266443 8 -0.588165184786842 -1.17851465545803 -0.915774447205496 0.514666424249414 "01"
"2016-02-03" 4.14610986770669 196.63503649635 0.0774683333333333 60.7075812274368 2016 0.678660358027482 20.2226978635031 8 -0.689472385075459 -1.09063082967373 -0.953282448452647 -0.46741247503409 "02"
"2016-02-05" 4.37575619917123 202.156934306569 0.0953633333333333 49.5703971119134 2016 0.688406164841771 20.9152375932724 8 -0.188327316090572 -1.07381439465163 -0.978409820995063 -0.125539539220219 "02"
"2016-02-07" 3.68157643982538 194.080291970803 0.09551 59.913357400722 2016 0.651996042464376 19.8460312949287 8 -1.06645020539527 -0.967746482646412 -1.12144717720632 -0.309883254209566 "02"
"2016-02-09" 3.57771954705609 193.302919708029 0.102854666666667 47.5306859205776 2016 0.640572843925518 20.1855551704528 8 -0.889871997196335 -0.982404449888072 -1.12806472834269 0.189213402731606 "02"
"2016-02-10" 3.45941454118377 169.28102189781 0.074693 67.9061371841155 2016 0.557136032856167 19.3452376865205 8 -2.17048523535269 -1.02081888366485 -1.10746289466281 -0.64495629958118 "02"
"2016-02-11" 4.2476732333193 194.894160583942 0.0604643333333333 27.158844765343 2016 0.637045162293521 19.7515868989248 8 -0.126709966784862 -1.34135273017484 -0.718204190223532 0.687722391016546 "02"
"2016-02-12" 3.23929687326878 182.156934306569 0.026368 27.5631768953069 2016 0.591334059057884 20.9617455648997 8 -1.04878581818461 -1.42475488324867 -0.658587313235494 1.00741069783456 "02"
"2016-02-13" 3.54163250382254 192.660583941606 0.0373176666666667 30.2057761732852 2016 0.621147846213021 21.355396316165 8 -0.687237950211688 -1.38021197976921 -0.684900340945327 0.802727642869385 "02"
"2016-02-14" 4.10313116316174 174.375912408759 0.0115 47.043321299639 2016 0.558347248559322 20.927618723067 8 -1.3745790782159 -1.47938446803033 -0.575039489378771 -0.136548423071717 "02"
"2016-02-15" 4.24262082566978 177.405109489051 0.008644 45.1227436823105 2016 0.564160010642356 19.3634916789948 8 -1.20408158692584 -1.51288405235575 -0.531414292033056 -0.121529284397023 "02"
"2016-02-16" 3.74803886808341 176.678832116788 0.009956 52.9963898916968 2016 0.558011441516596 17.6128568422227 8 -1.67867113037809 -1.42726267254842 -0.632673000229212 -0.25005524289139 "02"
"2016-02-17" 4.2949121368582 198.974452554745 0.01379 46.6425992779783 2016 0.624142837135532 18.0261901219686 8 -0.67251347302911 -1.47635503926556 -0.532662111040069 -0.178734063317325 "02"
"2016-02-21" 4.27664147849403 194.948905109489 0.080457 55.9783393501805 2016 0.595121923752596 16.3520630654835 8 -1.04889224076257 -1.107018357435 -0.97867489187319 -0.568275754658053 "02"
"2016-02-24" 5.01841469630155 215.850364963504 0.055112 34.5270758122744 2016 0.645825289835674 18.9623805303422 8 0.277477702880137 -1.38660858267674 -0.628686982814035 -0.0289258945586677 "02"
"2016-02-25" 4.97880980344361 219.908759124088 0.041898 43.9927797833935 2016 0.653624293285265 19.2476185692681 8 0.0956642330340788 -1.40045685005986 -0.593645118043812 -0.395325319952978 "02"
"2016-02-26" 3.86850444301638 191.273722627737 0.032697 46.3574007220217 2016 0.564783180082967 18.1782534992884 8 -1.28643722474815 -1.3513249895791 -0.720349069012912 -0.11521133467528 "02"
"2016-02-27" 3.92065725618809 189.569343065693 0.0316305 46.2166064981949 2016 0.556101132419107 16.4325392019181 8 -1.32594945923478 -1.3620957789346 -0.711971888052837 -0.143708078115395 "02"
"2016-02-28" 4.10344139871917 192.897810218978 0.011787 49.8772563176895 2016 0.562201050061754 16.9379361205631 8 -1.28220039971484 -1.4549830419547 -0.588582347074578 -0.371591727169471 "02"
"2016-02-29" 4.32051765018725 172.313868613139 0.028062 55.1263537906137 2016 0.498980620986094 16.2944441295805 8 -1.8351993793623 -1.37710852017241 -0.712785030255205 -0.692344651423203 "02"
"2016-03-04" 4.32186385090965 217.193430656934 0.0829293333333333 47.3971119133574 2016 0.613236864769967 17.8707932744707 8 -0.540385068519056 -1.12903086161005 -0.943068497622459 -0.358260383352817 "03"
"2016-03-07" 4.45523744099984 172.076642335766 0.017732 67.7292418772563 2016 0.477003909934574 16.8717457831852 8 -2.22356231517027 -1.37760539447569 -0.703536997671837 -1.30515913274589 "03"
"2016-03-09" 4.83555853480178 213.824817518248 0.014433 42.5198555956679 2016 0.585691217924598 17.2069837100922 8 -0.441816508146003 -1.52915521206418 -0.478330069250244 -0.450256775444979 "03"
"2016-03-10" 4.98547432800762 228.580291970803 0.051988 37.1768953068592 2016 0.622437756117664 19.0930154739864 8 0.139824776603852 -1.37870929174833 -0.639028626263559 -0.283833171819292 "03"
"2016-03-11" 4.40530613601613 211.996350364963 0.010552 40.3212996389892 2016 0.573931778027894 19.1439678858197 8 -0.691701409404235 -1.52268597561548 -0.501017471533315 -0.220410575214501 "03"
"2016-03-19" 2.84023422784586 194.200729927007 0.0312023333333333 46.4657039711191 2016 0.503091186163701 19.0109519958496 8 -2.1631924532157 -1.2671674632219 -0.861375234139267 0.0738962504838162 "03"
"2016-03-21" 4.28677953331708 237.186131386861 0.0721655 53.6642599277978 2016 0.608148181793714 17.4042853249444 8 -0.605215652334266 -1.1377894714497 -0.915953093483514 -0.755453067727581 "03"
"2016-03-22" 3.75642630797527 226.51094890511 0.052912 47.4296028880866 2016 0.57785523803099 19.0746027023073 8 -1.00520280882321 -1.2206998981897 -0.851766335720648 -0.325136779042905 "03"
"2016-03-24" 5.15288519068407 235.587591240876 0.0390015 54.1660649819495 2016 0.595110682509538 18.2123804697915 8 -0.321473943447309 -1.369900644631 -0.633074998333034 -1.15088959927841 "03"
"2016-03-25" 4.54257429033616 229.237226277372 0.016458 66.3140794223827 2016 0.576283891630387 18.6096820679922 8 -1.10189663218017 -1.37241099616079 -0.633179981942072 -1.40732639117877 "03"
"2016-04-01" 4.20130409732533 214.813868613139 0.0473905 59.4548736462094 2016 0.523194266203319 18.3387297524346 8 -1.51305902185122 -1.23131658064606 -0.848830043315451 -1.04723031572819 "04"
"2016-04-03" 3.37435459924214 232.149635036496 0.029356 48.2924187725632 2016 0.560701687448382 19.0428566402859 8 -1.30506528232987 -1.2951611890874 -0.771080349431042 -0.311970433680007 "04"
"2016-04-05" 4.86226095242316 251.131386861314 0.03556 36.1335740072202 2016 0.601668405421642 19.2863488727146 8 0.121244414619288 -1.44050788229939 -0.56550025626775 -0.428479200371369 "04"
"2016-04-06" 4.97385157444545 250.963503649635 0.022232 38.2202166064982 2016 0.598909455504294 19.9768250329154 8 0.0931590671767646 -1.50469001155706 -0.485643695030995 -0.565454072274237 "04"
"2016-04-07" 5.18196423427217 248.609489051095 0.02177 41.0649819494585 2016 0.591009806604828 19.1292060367645 8 0.0591625907780857 -1.51177607035429 -0.47559091768242 -0.763919851320985 "04"
"2016-04-10" 4.13673632193587 252.240875912409 0.0509073333333333 45.1552346570397 2016 0.593010337985291 18.6466662240407 8 -0.481873856682033 -1.2606401417453 -0.781264906215552 -0.527861745212634 "04"
"2016-04-12" 3.83487712455958 236.934306569343 0.053541 46.9350180505415 2016 0.553110591804138 19.4963488805862 8 -1.0341859570326 -1.2201321881729 -0.858149003355189 -0.4859980733084 "04"
"2016-04-13" 3.03317858488266 224.35401459854 0.021406 45.5126353790614 2016 0.52195513651924 19.6828566657172 8 -1.71582202496371 -1.32071073122067 -0.770953267432103 -0.132133107164232 "04"
"2016-04-18" 3.5899295322091 242.065693430657 0.0496405 51.1371841155235 2016 0.55420193091561 22.4514280500866 8 -1.21490858614287 -1.19571231633591 -0.881410050141212 -0.591129729848284 "04"
"2016-04-19" 3.49501961131917 244.529197080292 0.0414785 39.6750902527076 2016 0.558165340610994 19.7923804540483 8 -0.951356650270814 -1.28106110975737 -0.792901962521411 -0.11535612817813 "04"
"2016-04-20" 2.47444988587763 239.766423357664 0.0410033333333333 53.3537906137184 2016 0.545691769198974 20.2063487673563 8 -1.89482191000663 -1.1338385243124 -0.97173526072527 -0.256776168644273 "04"
"2016-04-23" 3.85509229507833 279.580291970803 0.045737 45.3646209386282 2016 0.630987897808507 21.3673009418306 8 -0.190135056186764 -1.24839872965933 -0.76660040236441 -0.515935727445321 "04"
"2016-04-28" 4.30255168745984 234.321167883212 0.0586953333333333 77.4981949458484 2016 0.52217784170007 20.9190472799634 8 -1.74883037309966 -1.08844387842338 -0.983911750701665 -1.9338217697631 "04"
"2016-04-30" 3.68943758725375 241.905109489051 0.030322 55.6353790613718 2016 0.536587883710377 20.888094735524 8 -1.40699173810723 -1.27581969266797 -0.78624813967921 -0.864292815418201 "04"
"2016-05-01" 4.7454683448933 225.171532846715 0.025576 55.2563176895307 2016 0.498360654152982 20.6769836213854 8 -1.24922069354992 -1.39684875174747 -0.655404983660572 -1.25226806570231 "05"
"2016-05-03" 4.78484610100383 276.069343065693 0.055357 65.129963898917 2016 0.608409321215853 21.2512693707905 8 -0.367732569710433 -1.1864305960743 -0.814459618129406 -1.68758821394692 "05"
"2016-05-04" 3.43863429875684 270.682481751825 0.0763896666666667 44.7581227436823 2016 0.595319644581533 21.2980947797261 8 -0.638201861614831 -1.07029818617902 -1.00776497006453 -0.359939279509362 "05"
"2016-05-06" 3.10284862720766 246.919708029197 0.094407 49.5884476534296 2016 0.540936744030843 20.645396232605 8 -1.41783249623193 -0.941360758472575 -1.19825883752927 -0.399535313185389 "05"
"2016-05-07" 3.76165599308618 260.740875912409 0.057024 46.9061371841155 2016 0.570147908922396 21.5666662095085 8 -0.783660680399664 -1.18549473245721 -0.879801159225855 -0.57878523543077 "05"
"2016-05-09" 3.57499944600793 243.080291970803 0.128615 61.7509025270758 2016 0.529635127159762 20.6179359224108 8 -1.54239576174139 -0.758296096543711 -1.40244201483592 -1.05091874458463 "05"
"2016-05-11" 3.66517827464711 245.273722627737 0.0528475 61.8519855595668 2016 0.532626010000067 20.9371424326821 8 -1.5450747466417 -1.13264950887469 -0.949685831925062 -1.12590395715071 "05"
"2016-05-12" 3.21325370620693 238.131386861314 0.0412945 65.2563176895307 2016 0.516291894464341 20.8592058439103 8 -2.01616465591703 -1.1374251749344 -0.956431703421752 -1.08440762593646 "05"
"2016-05-13" 3.16004276818756 244.014598540146 0.049469 38.2851985559567 2016 0.528232170445879 20.7850789569673 8 -1.26673680179525 -1.21959974418921 -0.88704930955114 -0.0133047045734239 "05"
"2016-05-16" 5.47626143993618 262.335766423358 0.066386 66.2310469314079 2016 0.565448608437073 21.3201582469637 8 -0.415717869215479 -1.19119342096111 -0.826157396982546 -2.02202668901817 "05"
"2016-05-17" 5.33312096970771 278.514598540146 0.052671 50.4476534296029 2016 0.599519556882126 21.3517454995049 8 0.212989419497902 -1.31426901236116 -0.67744925461199 -1.37147687256531 "05"
"2016-05-20" 4.75782236798369 273.317518248175 0.0728463333333333 47.4981949458484 2016 0.586152968025452 22.2417456006247 8 -0.0995783785255388 -1.18392306415796 -0.854105445526287 -1.02692216270111 "05"
"2016-05-27" 3.53054158264454 254.492700729927 0.0517546666666667 40.4909747292419 2016 0.541970978399823 21.8452374594552 8 -0.972116916361464 -1.22432673816494 -0.861594856307887 -0.278317794287358 "05"
"2016-05-28" 3.97726416557715 291.631386861314 0.041148 32.3212996389892 2016 0.62055286444064 22.581745541285 8 0.200873897166347 -1.33663904101901 -0.675685772929621 -0.174273380746113 "05"
"2016-06-16" 2.98393423006183 237.167883211679 0.010524 48.6931407942238 2016 0.500756916022679 21.9374597488888 8 -1.86791096534299 -1.34665472299064 -0.739109425751019 -0.398524768394341 "06"
"2016-06-17" 4.61010038336251 257.664233576642 0.034727 55.7725631768953 2016 0.544021811184583 21.3419043223063 8 -0.791811585770915 -1.32351880960711 -0.705352395075571 -1.31851731021264 "06"
"2016-06-27" 3.88499124692534 275.64598540146 0.029578 42.9350180505415 2016 0.583056217738396 24.1325391739134 8 -0.465721920298798 -1.34106468293398 -0.683096273352326 -0.552533118646486 "06"
"2016-06-28" 3.61056573669865 262.105839416058 0.0483233333333333 49.173285198556 2016 0.554630223129597 24.8655550214979 8 -1.00942732225064 -1.20282164879346 -0.864332849222041 -0.668336781539452 "06"
"2016-06-29" 5.06439049792807 256.076642335766 0.0598283333333333 52.3032490974729 2016 0.542102042751977 24.956824802217 8 -0.483105001325474 -1.25717051102394 -0.78578087616874 -1.34362090650753 "06"
"2016-07-02" 4.49904713364505 250.383211678832 0.0124935 42.2346570397112 2016 0.530843576758876 24.0373011089507 8 -0.680739681829207 -1.49016134188171 -0.535737451329466 -0.740306441626815 "07"
"2016-07-03" 4.30136060451614 275.233576642336 0.0145656666666667 39.8916967509025 2016 0.583864788097903 24.4917453281463 8 -0.202054793627373 -1.46394630544509 -0.534583043379151 -0.595358598299184 "07"
"2016-07-06" 4.65773262126886 272.996350364964 0.0148686666666667 41 2016 0.580250716603074 24.693808994596 8 -0.0928720475475479 -1.48824441198895 -0.502359625894297 -0.771243164084983 "07"
"2016-09-14" 4.19142641877368 240.547445255474 0.0329225 30.2599277978339 2016 0.60618163514058 23.7865074097164 8 -0.118267408020438 -1.43053243054525 -0.597559935826014 0.151500907381852 "09"
"2016-09-15" 4.3545383030115 211.981751824818 0.010438 39.6967509025271 2016 0.536649839435508 23.2465073721749 8 -0.937397718798661 -1.52035138625801 -0.522831763083768 -0.287199405800285 "09"
"2016-09-18" 4.06535998404503 193.302919708029 0.118240333333333 59.5776173285199 2016 0.496339884401123 23.8353964487712 8 -1.83568470057459 -0.884973568093799 -1.28988521295607 -0.894659745747889 "09"
"2016-09-20" 4.20380814146741 233.251824817518 0.0625925 39.7545126353791 2016 0.604799084613571 24.4420629531618 8 -0.371529946550397 -1.24572413556714 -0.810478601511069 -0.164024181073043 "09"
"2016-09-30" 3.55646841137235 222.875912408759 0.0111445 26.9097472924188 2016 0.609235403142548 24.6484121897864 8 -0.482070074013717 -1.5081751096232 -0.525124955228783 0.659136434009275 "09"
"2016-10-01" 4.01940634210118 201.57299270073 0.033179 34.5126353790614 2016 0.554113241187279 24.7074597071088 8 -0.919157466907337 -1.41251501065485 -0.660910712491451 0.18249013701553 "10"
"2016-10-02" 3.25258160303144 190.189781021898 0.031334 47.8628158844765 2016 0.525803577586075 24.9388883076017 8 -1.88031974614223 -1.29769280034709 -0.809177873281626 -0.0437105127756674 "10"
"2016-10-04" 4.05540474660403 177.799270072993 0.0644676666666667 56.5776173285199 2016 0.497259214782953 23.4079359448145 8 -1.93260007712947 -1.16793850525349 -0.962770410031309 -0.677662779105151 "10"
"2016-10-05" 3.62985020054513 190.558394160584 0.010965 46.6967509025271 2016 0.536075923936064 23.9441264016288 8 -1.62104487313778 -1.43433519481878 -0.63719307854343 -0.124377829964379 "10"
"2016-10-06" 3.27355574268176 190.806569343066 0.011713 39.3754512635379 2016 0.539959163870666 23.2107930259099 8 -1.59259776333791 -1.43568679842753 -0.648189719112141 0.310248697580142 "10"
"2016-10-07" 3.85812817160458 194.726277372263 0.012224 36.7906137184115 2016 0.554351179610801 24.0134915851411 8 -1.1236279549849 -1.49344353331831 -0.566316750243795 0.198844539607421 "10"
"2016-10-08" 4.53501783854455 232.693430656934 0.0291076666666667 53.4043321299639 2016 0.666438678397125 24.8623804667639 8 -0.186959722969341 -1.37408195833427 -0.604907222956309 -0.651597386449413 "10"
"2016-10-09" 4.48998382343165 210.98905109489 0.030053 44.9061371841155 2016 0.60795836211476 24.8033327980647 8 -0.532316975953361 -1.41511530085359 -0.607177598844782 -0.316489993094075 "10"
"2016-10-10" 4.40037006670064 223.197080291971 0.04913375 30.6642599277978 2016 0.647085659040842 24.5677770887102 8 0.122820823289172 -1.3782279521512 -0.647253601469648 0.309633867828646 "10"
"2016-10-12" 3.65254171560263 212.156934306569 0.017967 24.5342960288809 2016 0.622745743695754 23.8320629785931 8 -0.363862323788791 -1.50064078572511 -0.53567549129095 0.836094175755543 "10"
"2016-10-13" 4.13403838057039 207.127737226277 0.02851475 30.8158844765343 2016 0.611802367309578 23.8392057872954 8 -0.373724723624172 -1.46210860369202 -0.57502748187749 0.411858822880753 "10"
"2016-10-15" 3.20024043255701 202.70802919708 0.036713 49.2527075812274 2016 0.606368690175221 22.509205878727 8 -1.33293676409805 -1.25742598811516 -0.811611310970298 0.0724194472945639 "10"
"2016-10-17" 3.88491368803599 221.93795620438 0.138254 59.3140794223827 2016 0.672444545637922 25.448729499938 8 -0.574210713772156 -0.766382713991539 -1.33656834374467 -0.492226773251906 "10"
"2016-10-22" 3.5347463824318 192.277372262774 0.0401403333333333 46.0902527075812 2016 0.601846849946304 23.8204756994096 8 -1.19429565148765 -1.28934239207181 -0.781272321733501 0.130557879397282 "10"
"2016-10-27" 3.76423205619696 191.273722627737 0.020175 34.3212996389892 2016 0.618817272914431 22.608412197658 8 -0.719890885328771 -1.46325106786332 -0.578695315944932 0.552075209074086 "10"
"2016-10-28" 4.01646464422629 185.164233576642 0.0320173333333333 41.9783393501805 2016 0.603038634030758 24.7422216052101 8 -0.912345739448643 -1.39286866456778 -0.660061211132572 0.157016061462937 "10"
"2016-10-29" 3.35439426507412 197.481751824818 0.083863 38.2599277978339 2016 0.647434883739517 25.9874596520076 8 -0.722435143464132 -1.09831035462735 -0.999206805368638 0.621045124096606 "10"
"2016-10-30" 3.45629002592683 194.48905109489 0.0595465 41.4007220216606 2016 0.6418653587794 25.3103168729752 8 -0.830593357498419 -1.21139228722611 -0.86222053011224 0.454738305075451 "10"
"2016-10-31" 3.55485075453719 179.79197080292 0.038424 62.7833935018051 2016 0.597304295452141 24.2512693253775 8 -1.70772424432906 -1.22588202971975 -0.842916848857591 -0.452868459206921 "10"
"2016-11-01" 3.54477917876216 186.423357664234 0.0138735 56.9638989169675 2016 0.623443981898642 23.2733328077528 8 -1.38473326770718 -1.36984188920898 -0.662605164438401 -0.201467172806561 "11"
"2016-11-02" 4.09683227336185 200.306569343066 0.07861325 46.8086642599278 2016 0.674306762070392 22.8407931252131 8 -0.378912485833703 -1.1452589630451 -0.907663514445342 0.0559046049938765 "11"
"2016-11-04" 3.62310811709176 160.197080291971 0.0328396666666667 62.9314079422383 2016 0.546412214422307 21.8869835232931 8 -2.14882792084954 -1.26609701373942 -0.828101998003388 -0.495240966498208 "11"
"2016-11-06" 2.82907682761983 151.116788321168 0.03358025 40.1805054151625 2016 0.522195916754754 19.9785709229727 8 -2.21000202565697 -1.30798349782339 -0.835516990875131 0.697395784330057 "11"
"2016-11-07" 3.53746648347996 176.332116788321 0.03948025 38.1407942238267 2016 0.613276827872975 21.1560312150017 8 -1.04714242202734 -1.33958280486384 -0.735208866209775 0.590983636896685 "11"
"2016-11-08" 3.39310723070446 154.423357664234 0.0270263333333333 55.8014440433213 2016 0.540535721665997 20.7877771438114 8 -2.17572787353112 -1.31179412931261 -0.791908529454126 -0.104548291562361 "11"
"2016-11-09" 3.54444124360139 157.51094890511 0.009942 51.85559566787 2016 0.554866167983806 21.4334915403336 8 -1.91139943732799 -1.4254628578897 -0.650768404869566 0.00459127512337171 "11"
"2016-11-10" 3.70526514060319 175.934306569343 0.069469 28.2129963898917 2016 0.623694352650797 21.9933328325786 8 -0.631843625706849 -1.25610269068012 -0.842254442729493 0.959521466893522 "11"
"2016-11-11" 3.46965231457885 155.20802919708 0.008766 35.7292418772563 2016 0.553674820752437 21.5057138412718 8 -1.58602275163961 -1.50311660415288 -0.582672463189374 0.677214946062109 "11"
"2016-11-12" 3.66255789217098 161.737226277372 0.008216 29.4909747292419 2016 0.580554805512342 21.8238091393123 8 -1.12434772187752 -1.54963701832594 -0.516950480620872 0.878334781861019 "11"
"2016-11-13" 3.94061205043544 179.609489051095 0.061825 28.1335740072202 2016 0.648673648159113 22.1214279447283 8 -0.337776903048782 -1.3126418862928 -0.75790852735681 0.915832255157724 "11"
"2016-11-18" 3.56794158707647 181.689781021898 0.188622 43.5054151624549 2016 0.675822351358839 22.1574598645407 8 -0.570313835432009 -0.591541057789285 -1.59215612602401 0.573120892841569 "11"
"2016-11-20" 2.80225253174375 158.886861313869 0.0946686666666667 68.4115523465704 2016 0.597624858764095 20.5092058181763 8 -2.30421230569817 -0.873040016889724 -1.27878407144942 -0.205459413814265 "11"
"2016-11-25" 3.84432268929909 159.014598540146 0.0330443333333333 38.9783393501805 2016 0.613760636829881 18.741110741146 8 -1.04738556881699 -1.40178364188703 -0.664736148669369 0.564987845525435 "11"
"2016-11-26" 2.70754758791854 132.777372262774 0.028511 41.9963898916968 2016 0.514945538081705 17.8098408797431 8 -2.49874054225229 -1.32293216697527 -0.829897260915218 0.78434216542678 "11"
"2016-11-27" 2.8145954749928 140.901459854015 0.023739 42.6534296028881 2016 0.548992073167725 19.334761468191 8 -2.19238308423726 -1.34924167810165 -0.775731106475029 0.757131035732682 "11"
"2016-11-30" 3.31975314113502 149.64598540146 0.046503 55.9602888086643 2016 0.590692947630973 20.3412695082407 8 -1.91314303440369 -1.21482861868947 -0.887902581084922 0.109422245913192 "11"
"2016-12-02" 3.23796175238771 155.295620437956 0.0810805 64.3898916967509 2016 0.617830843843783 23.3179360949804 8 -1.90676373093215 -0.997797041875866 -1.12173652260239 -0.135957368271163 "12"
"2016-12-04" 2.37453187670353 149.653284671533 0.0869085 38.3610108303249 2016 0.59966706570177 21.4780947215973 8 -1.85439332295561 -1.02324432200327 -1.14956602040955 1.20658969484802 "12"
"2016-12-05" 3.21497108161411 149.514598540146 0.064334 24.4151624548736 2016 0.601100101284425 23.821586593749 8 -1.12267176436221 -1.27065618619345 -0.861043101961944 1.42260427269345 "12"
"2016-12-06" 2.3929077935604 132.21897810219 0.039759 36.2202166064982 2016 0.533230995583752 22.5742851136223 8 -2.3909050243249 -1.27041646130624 -0.896503062944655 1.19515431368004 "12"
"2016-12-08" 3.31038513528486 164.324817518248 0.04363 54.0830324909747 2016 0.666487228975089 24.2355549373324 8 -1.2891159783367 -1.23258218226136 -0.825814182880785 0.303489771499561 "12"
"2016-12-11" 3.06863961708068 151.686131386861 0.0448445 39.6967509025271 2016 0.619564796647049 19.7644440787179 8 -1.44963614152749 -1.27963837327873 -0.821143485476865 0.913325145257565 "12"
"2016-12-12" 3.51592727192147 148.302919708029 0.011443 34.6895306859206 2016 0.606916945243015 20.8465073903402 8 -1.24967523243729 -1.50486210513296 -0.560156641712445 0.910008936471593 "12"
"2016-12-16" 2.78256365368848 133.850364963504 0.007133 46.0794223826715 2016 0.55084468298135 19.930952004024 8 -2.34781383572998 -1.41462205540218 -0.695929904719612 0.686394883936442 "12"
"2016-12-18" 3.08542557670574 132.912408759124 0.071576 56.3501805054152 2016 0.547801150332716 16.616507634284 8 -2.40476591799396 -1.07821715526793 -1.08327825794482 0.189541127061877 "12"
"2016-12-19" 2.88085846610677 135.678832116788 0.08745 47.2888086642599 2016 0.559434687874089 16.7946028520191 8 -2.17680745657559 -1.02619092910213 -1.15379062404819 0.643741902666568 "12"
