"Min." "1st Qu." "Median" "Mean" "3rd Qu." "Max."
"1" 2.96772700918741 3.48887279646388 3.73470252430648 3.75636811341576 4.10538199090179 4.62063486754081
"2" 1.97911649273035 2.88040066675586 3.18696192581466 3.1628021440129 3.4642811213883 4.23507046650611
"3" 3.45257493330543 4.29619865313193 4.62124977408278 4.51724403948355 4.82563702818735 5.19922058900455
"4" 1.48537750768119 2.18524088507611 2.59237197258984 2.65964827696061 3.1613500813302 3.90476986887878
"5" 3.66872063076089 4.51198599589689 4.8229306038712 4.83988744066969 5.16928128623673 5.98070533404692
"6" 4.51781922103741 5.28546482375119 5.5223813461722 5.51801699657004 5.7465753648585 6.22438899295335
"7" 2.70150258931841 3.49145468100488 3.81329163321738 3.830150668528 4.16247973008317 5.3480933200816
"8" 4.31276545273812 4.99323580283493 5.19397774918962 5.18921115608756 5.39548405869122 5.8584147266078
"9" 3.60614155973251 4.41816831340276 4.66752891740466 4.65136705182367 4.98137232840338 5.29565828204442
"10" 2.25185252123622 2.54923865895536 3.12193882161576 3.19870206841624 3.91942662208567 4.07661374692682
"11" 3.11725091428062 4.20460052186879 4.54045047894452 4.3197221901177 4.55842078212543 4.84295557934172
"12" 3.96597686607627 3.98315222302548 4.0003275799747 4.0003275799747 4.01750293692391 4.03467829387312
